#time;x;y;z
1094809945110222;-1.333289e-01;-1.535561e-02;-2.493855e-02
1094810148457775;-3.241401e-02;8.201623e-02;-1.658040e-01
1094810350206368;-1.615508e-01;-6.446914e-02;-1.015562e-02
1094810552834285;-2.908098e-01;-1.181260e-02;2.412763e-01
1094810755143295;-6.557404e-01;-4.770472e-01;9.622189e-01
1094810958306420;1.437825e-02;-2.326379e+00;1.439304e+00
1094811160760639;-6.597721e-01;-2.057965e+00;1.528124e+00
1094811363721160;-2.436533e+00;-1.045396e+00;2.522368e+00
1094811565723035;-1.859633e+00;1.952706e-01;-6.179661e-01
1094811768733452;1.040532e-01;-7.064880e-01;-1.658147e+00
1094811970743243;9.611193e-02;2.446284e-01;-3.534616e-01
1094812173177618;8.411224e-01;8.558597e-01;1.558774e-01
1094812375703972;-3.495750e-01;-1.272026e+00;-8.526604e-01
1094812578689650;-1.295927e+00;-8.902583e-02;-1.032010e+00
1094812781350170;-1.665370e-02;7.321975e-02;1.721264e-01
1094812984012150;1.242705e+00;-8.202310e-01;1.628306e+00
1094813186336733;1.380638e+00;-1.570762e-01;2.420842e+00
1094813388998452;9.392274e-01;1.440801e-01;2.128604e+00
1094813591280743;-4.127384e-01;5.562685e-02;-4.929831e-01
1094813793511368;-1.348950e+00;-3.030729e-01;-2.463876e+00
1094813996266056;-1.532453e+00;4.715036e-01;-2.547810e+00
1094814199066785;-1.008332e+00;8.506063e-01;-1.745622e+00
1094814401941316;7.937421e-02;-3.637928e-01;6.318632e-01
1094814604296837;1.488150e+00;-4.375853e-01;2.204840e+00
1094814806950587;1.398231e+00;-3.023399e-01;2.126038e+00
1094815009256629;1.034034e+00;5.079111e-01;1.009744e+00
1094815211817566;-1.212482e+00;-3.073489e-01;-1.667554e+00
1094815413839077;-1.535508e+00;-7.534024e-01;-2.038715e+00
1094815616828556;-8.634344e-01;-2.160938e-03;-1.083812e+00
1094815819439650;4.663187e-02;9.069049e-02;-1.330616e-01
1094816022531264;1.994802e+00;2.899317e-02;2.226465e+00
1094816224577462;1.513318e+00;1.732794e-01;2.133613e+00
1094816427565431;3.568290e-01;4.798113e-01;3.616166e-01
1094816629512150;-1.544915e+00;5.428296e-02;-1.745867e+00
1094816832355535;-1.821881e+00;-2.160858e-01;-1.689178e+00
1094817034163295;-8.666109e-01;1.048626e-01;-8.625563e-01
1094817237389233;3.410687e-01;-1.383838e-01;7.635655e-01
1094817439809025;1.628160e+00;8.555924e-02;1.864833e+00
1094817643119858;1.164026e+00;-2.199953e-01;1.402530e+00
1094817844855379;1.359403e-01;6.268995e-03;-2.101527e-01
1094818048179389;-1.182061e+00;-8.059599e-02;-1.459493e+00
1094818249765847;-1.350171e+00;2.887099e-02;-1.696875e+00
1094818452893556;-6.145682e-01;2.353433e-01;-1.097617e+00
1094818654486368;1.034767e+00;-4.265898e-01;1.284389e+00
1094818857951056;1.976109e+00;-2.329456e-01;2.476553e+00
1094819060177775;9.033085e-01;-6.434696e-02;1.067410e+00
1094819263708452;-8.988645e-01;-1.135827e-01;-1.121807e+00
1094819465131264;-1.783275e+00;2.274020e-01;-2.075855e+00
1094819668791629;-1.127694e+00;2.590448e-01;-1.247279e+00
1094819870017306;5.225185e-02;3.092506e-03;-1.027627e-01
1094820073429754;1.580635e+00;-5.823833e-02;1.835267e+00
1094820274808504;1.605925e+00;-4.422279e-01;1.673998e+00
1094820478512983;6.521209e-01;3.229183e-02;6.451800e-01
1094820680546837;-1.838985e+00;1.872071e-01;-2.131444e+00
1094820884298087;-1.439358e+00;1.813428e-01;-1.416244e+00
1094821085406941;-4.788339e-01;1.551978e-01;-7.282882e-01
1094821289404285;3.396026e-01;-3.979020e-02;4.935634e-01
1094821490268347;1.323706e+00;-2.586249e-02;1.676197e+00
1094821693566368;9.585308e-01;-6.840082e-01;1.053115e+00
1094821895129910;5.110113e-01;2.037005e-01;5.871479e-01
1094822098882983;-1.084323e+00;-2.346561e-01;-1.424185e+00
1094822300670847;-1.313275e+00;1.617952e-01;-1.283931e+00
1094822504576108;-6.839623e-01;3.498193e-01;-1.009652e+00
1094822705556785;-3.252626e-01;-9.146938e-02;-2.278678e-01
1094822909658191;1.501101e+00;-7.387646e-02;1.522992e+00
1094823110802931;1.002880e+00;6.857720e-02;9.754134e-01
1094823313889783;1.011920e+00;-8.328377e-02;8.894036e-01
1094823515689627;-4.569650e-01;5.135081e-02;-4.790554e-01
1094823719252127;-1.741369e+00;6.576721e-02;-1.865107e+00
1094823921257752;-9.774216e-01;1.879402e-01;-9.902270e-01
1094824124852960;-1.272202e-01;1.077947e-01;-2.651305e-01
1094824326169262;1.598228e+00;-2.588463e-01;1.893787e+00
1094824529911346;1.778678e+00;-2.375882e-01;1.852859e+00
1094824731339679;4.363636e-01;1.566639e-01;2.054795e-01
1094824934212283;-1.442534e+00;-2.830366e-01;-1.631268e+00
1094825136249575;-1.485050e+00;2.465832e-01;-1.491258e+00
1094825339621294;-8.523166e-01;1.604513e-01;-9.741002e-01
1094825541844731;6.400259e-01;-4.154720e-01;6.863523e-01
1094825745129210;1.359502e+00;3.334481e-01;1.444435e+00
1094825946780096;1.334213e+00;3.258734e-01;1.774180e+00
1094826150162335;1.374063e-01;3.704666e-01;4.500699e-01
1094826351874939;-8.926338e-01;-6.141485e-02;-1.757107e+00
1094826554534106;-1.142966e+00;-2.121991e-02;-1.658269e+00
1094826756809887;-4.702819e-01;2.192164e-01;-9.731228e-01
1094826959990200;1.370399e-01;-1.228678e-01;1.611308e-01
1094827162432700;1.263108e+00;-3.499873e-01;1.380906e+00
1094827365405616;1.113446e+00;5.220602e-02;1.812298e+00
1094827567460200;8.154662e-01;3.715661e-01;1.533255e+00
1094827769861241;-1.251944e+00;-7.457055e-01;-1.753197e+00
1094827972428221;-1.596228e+00;-2.077780e-01;-1.750021e+00
1094828174882908;-5.575133e-01;1.892841e-01;-1.079780e+00
1094828377386866;8.609371e-02;2.344880e-01;1.983936e-01
1094828580377231;1.137148e+00;1.880623e-01;1.565387e+00
1094828783038533;1.092432e+00;-2.395430e-01;1.762207e+00
1094828985700512;7.558458e-01;1.286633e-02;7.315563e-01
1094829187991658;-6.981344e-01;-9.647844e-02;-1.293216e+00
1094829390222335;-1.424697e+00;-1.725922e-01;-1.578612e+00
1094829592984054;-1.145410e+00;5.745946e-02;-1.252288e+00
1094829795214731;8.902588e-02;1.366275e-01;2.270891e-02
1094829997964210;1.006423e+00;7.857234e-03;1.350851e+00
1094830200750981;8.660458e-01;-7.567011e-01;1.296606e+00
1094830403644262;1.237818e+00;-5.447310e-01;1.030880e+00
1094830605982491;-4.751688e-01;1.944153e-01;-9.626158e-01
1094830808522179;-1.251334e+00;4.089510e-01;-1.513738e+00
1094831010571450;-1.129038e+00;3.610592e-01;-1.153084e+00
1094831213540200;-1.770668e-01;1.539761e-01;-3.479638e-01
1094831415536554;1.470680e+00;-3.464443e-01;1.647487e+00
1094831618542700;1.281800e+00;-9.085850e-02;1.555735e+00
1094831821117700;7.432620e-01;2.492710e-01;7.942311e-01
1094832024249314;-1.496046e+00;-1.639179e-01;-1.381303e+00
1094832226256294;-1.688224e+00;2.364428e-01;-1.607811e+00
1094832429051189;-6.636816e-01;7.297543e-02;-7.850987e-01
1094832630913273;-1.462792e-01;3.375791e-02;1.611153e-02
1094832834095304;1.464693e+00;-3.118694e-01;1.787375e+00
1094833035852335;1.230610e+00;-6.300306e-02;1.654329e+00
1094833239120512;4.774137e-01;6.923923e-01;6.885514e-01
1094833441480721;-1.187437e+00;-5.789394e-01;-1.394009e+00
1094833644854158;-1.543205e+00;8.934660e-02;-1.708115e+00
1094833846526241;-6.543964e-01;2.071213e-01;-7.736144e-01
1094834049579102;-3.635027e-01;5.098429e-02;-8.516982e-02
1094834251249779;9.573091e-01;-9.782235e-02;1.337168e+00
1094834454647383;1.154374e+00;-3.018512e-01;1.327760e+00
1094834656163164;1.048817e+00;8.617011e-02;9.106618e-01
1094834859696706;1.124831e-01;-1.546328e-01;-2.439947e-01
1094835061840091;-1.415778e+00;-4.540787e-01;-1.377638e+00
1094835265456654;-1.155672e+00;5.178071e-01;-1.396086e+00
1094835466793581;-1.147586e-01;7.818229e-01;-6.968898e-01
1094835670106966;6.691259e-02;-3.535303e-01;6.551982e-01
1094835871585456;1.113080e+00;-1.674609e-01;1.940458e+00
1094836075200664;1.249913e+00;-2.608011e-01;1.581147e+00
1094836276472071;6.691258e-02;-6.031526e-02;-2.763705e-01
1094836480271914;-1.240094e+00;2.303341e-01;-1.491136e+00
1094836682197435;-1.111934e+00;1.442022e-01;-1.236650e+00
1094836886057904;-5.670428e-01;1.630169e-01;-8.412982e-01
1094837087058946;5.465636e-01;2.980180e-01;2.668104e-01
1094837290233789;8.311043e-01;-1.049084e-01;1.517128e+00
1094837491920248;6.939042e-01;2.296012e-01;1.399842e+00
1094837695353425;6.891394e-01;-8.269591e-03;8.493309e-01
1094837896780508;-4.205575e-01;-7.044110e-01;-8.960316e-01
1094838100632696;-1.190369e+00;3.336855e-03;-1.230541e+00
1094838302332539;-9.356386e-01;1.387044e-01;-1.111911e+00
1094838506326133;-2.748052e-01;2.734612e-01;-6.091697e-01
1094838707581081;9.946939e-01;-1.255556e-01;9.991150e-01
1094838910570091;1.012775e+00;-2.535928e-01;1.642356e+00
1094839112468633;8.510185e-01;-2.261040e-01;1.220737e+00
1094839315663425;6.731347e-01;-1.383838e-01;5.972882e-01
1094839517353268;-1.090310e+00;-4.186715e-02;-1.236772e+00
1094839720992227;-1.587187e+00;3.646022e-01;-1.659368e+00
1094839922931341;-1.053535e+00;3.031492e-01;-1.357723e+00
1094840126593112;-1.550756e-01;1.738903e-01;-2.631758e-01
1094840328104466;9.057520e-01;-1.950720e-01;1.169424e+00
1094840530905091;1.126396e+00;-4.808345e-01;1.584690e+00
1094840733016758;1.007522e+00;-1.788230e-01;1.094166e+00
1094840935971914;-6.637812e-02;-8.170255e-04;-7.661770e-02
1094841137925143;-1.100328e+00;1.555643e-01;-1.317650e+00
1094841341349987;-1.306678e+00;2.502484e-01;-1.424796e+00
1094841543529571;-5.280697e-01;3.956342e-01;-9.246202e-01
1094841746858477;1.851760e-01;2.855563e-01;-2.900539e-01
1094841948628321;1.437815e+00;-2.885343e-01;2.125427e+00
1094842151239258;9.565760e-01;-2.223166e-01;1.511264e+00
1094842353565873;8.396565e-01;-2.229275e-01;6.119489e-01
1094842556279935;-7.340533e-01;-5.946004e-02;-8.974977e-01
1094842758497018;-2.139775e+00;2.985066e-01;-1.936823e+00
1094842961706914;-1.397452e+00;6.280071e-01;-1.446299e+00
1094843164127383;3.629377e-01;1.660712e-01;1.944841e-01
1094843367123112;1.530300e+00;9.069279e-01;1.699655e+00
1094843569151758;1.289986e+00;1.585721e+00;1.615966e+00
1094843771573112;2.252709e+00;4.778222e+00;1.896231e+00
1094843974115925;2.932845e+00;5.814004e+00;7.404750e-01
1094844176588060;3.067358e+00;-4.183529e+00;1.696684e-02
1094844379069310;2.619006e-01;-5.826045e-01;-4.314079e-01
1094844582063841;-8.780951e-01;-3.074942e-02;4.339430e-01
1094844784725664;-5.080333e-01;4.895851e-01;-2.036776e-01
1094844987387383;2.390772e-02;3.241400e-02;-4.546361e-02
1094845189674623;2.440634e-01;-6.218221e-01;2.857319e-02
1094845391905925;7.154067e-01;5.635991e-02;3.249647e-01
1094845594665039;-5.306125e-02;4.104171e-01;-1.390481e-01
1094845796895873;-2.726060e-01;1.751120e-01;-1.724013e-01
1094845999642748;1.156825e-02;-1.674609e-01;2.069457e-01
