#time;x;y;z
1097874202015553;1.093448e-02;2.399934e-02;-8.391754e-03
1097874405012844;-2.877173e-02;3.059668e-02;8.468109e-03
1097874607048157;1.154534e-02;3.840812e-03;-3.062723e-02
1097874809471074;-1.850920e-02;1.520290e-02;-2.134209e-02
1097875012020032;-1.203404e-02;9.460768e-03;7.857248e-03
1097875214494563;-1.007316e-01;7.506764e-02;1.041295e-01
1097875416982688;-1.328447e+00;6.766472e-01;1.979973e+00
1097875619981126;-1.079948e+00;2.679184e+00;1.957371e+00
1097875822647272;5.306582e-01;-1.424002e-01;-1.758909e-01
1097876025313417;-3.729329e-01;9.760931e-01;-3.741776e-01
1097876227605344;1.290085e+00;2.002590e+00;-7.237143e-01
1097876429840553;-1.908952e-01;-2.682131e+00;1.191469e+00
1097876632604094;-1.043174e+00;8.483433e-03;1.032766e+00
1097876834838574;-7.409179e-01;-9.621806e-01;7.424832e-01
1097877037589355;-5.502058e-01;-7.944372e-01;7.021661e-01
1097877240373001;-7.751263e-01;-1.526375e+00;-3.719784e-01
1097877443279147;-2.179626e+00;-8.848453e-01;-7.113748e-01
1097877645612063;-2.695807e+00;-2.345789e+00;-8.205975e-01
1097877848161542;-1.757641e+00;-8.584558e-01;-9.510782e-01
1097878050207584;-1.340909e+00;-3.183367e-02;-1.856135e+00
1097878253186334;-8.350522e-02;-1.788078e-01;-1.505621e+00
1097878455180032;7.726828e-01;-4.221840e-02;1.281976e-01
1097878658195449;5.178300e-01;-2.914589e-02;-1.683162e-01
1097878860764094;-1.643225e-02;-4.560181e-01;6.039161e-02
1097879063911803;-8.983989e-01;1.530392e+00;-1.401172e-02
1097879265910188;-2.122755e-01;1.472360e+00;-3.560960e-01
1097879468718261;-2.273028e-01;-1.087774e+00;-8.897474e-01
1097879670573313;1.323744e-01;-5.133173e-01;-1.355738e-01
1097879873768157;7.666352e-02;-1.300607e-01;1.139034e-01
1097880075520449;6.710349e-01;-7.150248e-01;1.401851e+00
1097880278800865;1.272004e+00;-2.444146e-01;3.788621e+00
1097880481153678;6.315730e-01;6.107960e-01;2.981791e+00
1097880684542792;-6.010298e-01;-2.816852e-02;-2.393208e+00
1097880886207480;-1.065531e+00;4.263149e-01;-2.955081e+00
1097881089274876;-7.200263e-01;2.128787e-01;-1.949109e+00
1097881290938938;-5.271760e-02;1.886807e-02;-9.061412e-02
1097881494350084;1.152641e+00;1.736612e-01;2.332198e+00
1097881695859459;9.279645e-01;-3.383656e-01;2.033974e+00
1097881899404980;4.973050e-01;1.196608e-01;9.006971e-01
1097882101541751;-1.137491e+00;-1.818621e-01;-2.031576e+00
1097882305172844;-1.160460e+00;-9.194276e-02;-1.795538e+00
1097882506503990;-5.768396e-01;1.706069e-01;-1.010332e+00
1097882709831074;-3.814850e-01;1.180725e-01;-4.857214e-01
1097882911304563;1.000169e+00;1.665752e-01;1.444978e+00
1097883114932167;1.183795e+00;-2.451477e-01;1.924140e+00
1097883316198417;9.379827e-01;1.806251e-01;1.931226e+00
1097883520009251;-4.348746e-01;7.054724e-02;-9.951826e-01
1097883721930605;-1.076038e+00;1.642539e-01;-2.056255e+00
1097883925803574;-6.408582e-01;-1.411785e-01;-1.415580e+00
1097884126799407;-4.060418e-01;4.452439e-02;-7.488819e-01
1097884329986699;8.387783e-01;-7.092903e-02;1.509485e+00
1097884531668990;8.230181e-01;-1.502193e-01;1.739781e+00
1097884735113574;9.192902e-01;5.588648e-02;2.091517e+00
1097884936538053;-2.870454e-01;-1.347033e-01;-7.531580e-01
1097885140399042;-1.064554e+00;1.246698e-01;-1.934326e+00
1097885342098938;-6.661480e-01;5.845212e-02;-1.543006e+00
1097885546100709;-4.147160e-01;2.246073e-01;-7.907873e-01
1097885747354199;2.098320e-01;-8.693369e-02;4.969155e-01
1097885950351022;9.759786e-01;-8.937716e-02;2.009050e+00
1097886152249094;8.208189e-01;3.157407e-02;1.985348e+00
1097886355452219;-2.054338e-01;-3.000111e-02;-5.193190e-01
1097886557142428;-1.322094e+00;-3.485060e-01;-2.452584e+00
1097886760788053;-9.608291e-01;8.288671e-02;-1.319918e+00
1097886962728678;-3.719555e-01;2.608927e-01;-7.685518e-01
1097887166396490;8.320588e-01;-1.642691e-01;1.598671e+00
1097887367910136;1.206641e+00;5.759691e-02;2.189866e+00
1097887570716594;9.144034e-01;1.260138e-01;1.984249e+00
1097887772829719;-1.646281e-01;-4.075235e-02;-5.703873e-01
1097887975790657;-1.041463e+00;-4.441673e-01;-2.401149e+00
1097888177745240;-4.553996e-01;2.398789e-01;-1.322606e+00
1097888381175292;-4.260782e-01;1.709734e-01;-8.765528e-01
1097888583358001;6.475777e-01;2.004171e-01;1.184139e+00
1097888786692115;1.101695e+00;-3.535151e-01;2.457180e+00
1097888988464928;7.233250e-01;6.456077e-02;1.455485e+00
1097889191081022;-7.196597e-01;-4.755659e-01;-1.370742e+00
1097889393411334;-1.130527e+00;-9.072106e-02;-1.623762e+00
1097889596129876;-8.138551e-01;1.295568e-01;-1.083025e+00
1097889798349042;-3.770868e-01;2.871599e-01;-6.127813e-01
1097890001563209;9.570417e-01;3.853792e-02;1.471489e+00
1097890203987219;1.051115e+00;5.918516e-02;2.054254e+00
1097890406987011;5.836813e-01;3.829435e-01;1.548092e+00
1097890609018678;-7.535017e-01;-3.486281e-01;-1.697310e+00
1097890811444615;-8.622355e-01;-4.844921e-02;-1.604337e+00
1097891013991907;-7.647415e-01;1.316337e-01;-1.404095e+00
1097891216468469;-5.425090e-01;2.685896e-01;-9.755129e-01
1097891418953365;1.115378e+00;-5.828336e-01;2.026399e+00
1097891621951803;1.309511e+00;3.048750e-01;2.247043e+00
1097891824617480;6.330391e-01;4.315683e-01;1.353470e+00
1097892027282844;-8.612581e-01;-5.394623e-01;-1.695478e+00
1097892229573469;-8.128777e-01;5.795577e-03;-1.697555e+00
1097892431808157;-5.298030e-01;8.203150e-02;-1.104161e+00
1097892634570917;-4.771464e-01;1.723173e-01;-9.172364e-01
1097892837386334;1.070418e+00;-1.487532e-01;1.601726e+00
1097893040250813;1.043662e+00;4.957091e-01;2.111187e+00
1097893242625188;5.147757e-01;2.738430e-01;1.397208e+00
1097893445273834;-6.577181e-01;-4.335384e-01;-1.484363e+00
1097893647596126;-9.924720e-01;-1.383685e-01;-1.755709e+00
1097893850152376;-6.099485e-01;5.319868e-02;-1.267750e+00
1097894052188053;-4.167930e-01;1.296789e-01;-8.311043e-01
1097894255172532;8.644347e-01;-2.011654e-01;1.390977e+00
1097894457804199;1.001879e+00;-4.698313e-02;2.003675e+00
1097894660881647;8.439097e-01;-1.168278e-03;1.910090e+00
1097894862950136;-7.973617e-01;-2.904738e-01;-1.304524e+00
1097895065926907;-9.409149e-01;2.318155e-01;-1.856257e+00
1097895267894980;-6.332834e-01;9.180533e-02;-1.413136e+00
1097895470728938;-4.943728e-01;3.633881e-02;-9.799111e-01
1097895672555605;1.027413e+00;6.394991e-02;1.811496e+00
1097895875773105;1.033766e+00;-2.645808e-02;2.500430e+00
1097896078214042;4.778795e-01;3.318751e-01;1.632269e+00
1097896281510709;-6.447677e-01;-3.404426e-01;-1.624129e+00
1097896483266855;-1.304013e+00;1.879554e-01;-2.229251e+00
1097896686578834;-7.450717e-01;2.726212e-01;-1.294506e+00
1097896888185292;-2.175290e-01;1.258916e-01;-3.089372e-01
1097897091302480;1.338466e+00;4.261926e-01;2.080765e+00
1097897292915344;8.980321e-01;-1.125900e-01;2.588028e+00
1097897496371490;4.777573e-01;-1.121013e-01;1.014807e+00
1097897698617949;-9.956484e-01;-7.637718e-01;-2.024978e+00
1097897902136855;-1.124663e+00;1.114752e-01;-2.009829e+00
1097898103578730;-7.940630e-01;1.232038e-01;-1.194813e+00
1097898307228678;1.861305e-01;1.626657e-01;1.256320e-01
1097898508471699;1.328570e+00;-3.849135e-01;2.136477e+00
1097898711875449;1.464426e+00;-5.270007e-01;2.025177e+00
1097898913270344;2.514930e-01;3.574093e-01;2.931310e-01
1097899116966907;-1.073472e+00;1.087874e-01;-1.651618e+00
1097899319017949;-1.183795e+00;-1.050153e-01;-1.644654e+00
1097899522759772;-6.508763e-01;1.702404e-01;-1.103061e+00
1097899723886855;3.912589e-01;9.827285e-03;5.154858e-01
1097899927876334;1.245614e+00;1.101313e-01;2.610996e+00
1097900128755501;9.269873e-01;1.939419e-01;2.321324e+00
1097900332046751;-5.768396e-01;-2.747135e-01;-1.316864e+00
1097900533622792;-1.688980e+00;2.227747e-01;-2.911099e+00
1097900737371490;-6.049393e-01;2.573497e-01;-1.237085e+00
1097900939170032;3.390910e-01;2.741253e-03;1.646052e-01
1097901143071907;1.092654e+00;-4.099666e-02;2.639951e+00
1097901344063834;8.501403e-01;-1.443550e-01;2.155047e+00
1097901548162792;1.404968e-03;5.600863e-02;-2.065563e-01
1097901749318938;-1.263085e+00;-2.273104e-01;-2.449651e+00
1097901952403001;-6.500212e-01;2.039601e-01;-1.262863e+00
1097902154211959;-3.378693e-01;1.086652e-01;-1.051016e+00
1097902357774251;6.475777e-01;-1.851684e-02;1.522069e+00
1097902559786959;1.005911e+00;-2.350073e-01;2.152115e+00
1097902763382063;7.258905e-01;-2.111836e-01;1.565318e+00
1097902964969667;-4.066526e-01;-2.518671e-01;-8.141224e-01
1097903167710709;-9.789107e-01;1.967519e-01;-1.861022e+00
1097903369891542;-7.585107e-01;2.486754e-01;-1.496825e+00
1097903572793313;-6.369486e-01;1.642539e-01;-1.272393e+00
1097903774809251;4.682278e-01;-2.820439e-01;1.264040e+00
1097903978200709;1.272492e+00;3.646098e-02;2.728160e+00
1097904180414407;8.826384e-01;-6.249910e-02;1.995489e+00
1097904383715917;-4.308429e-01;-3.116097e-01;-1.271660e+00
1097904585522636;-1.131749e+00;1.461723e-01;-2.093395e+00
1097904788109251;-6.222879e-01;1.840459e-01;-1.309289e+00
1097904990469824;-5.415316e-01;1.530140e-01;-8.903583e-01
1097905193162272;1.157528e+00;-3.299357e-01;2.082721e+00
1097905395409719;1.174876e+00;6.333980e-01;2.677581e+00
1097905598609615;3.256519e-01;-5.015964e-02;6.018622e-01
1097905801043574;-8.527060e-01;-3.659767e-01;-1.932738e+00
1097906004032636;-1.116111e+00;5.344104e-05;-1.884724e+00
1097906206008626;-5.118435e-01;3.035311e-01;-1.284244e+00
1097906409045084;7.035329e-01;1.896659e-01;1.309610e+00
1097906611031751;5.329794e-01;-3.211392e-01;1.783152e+00
1097906813489772;6.459894e-01;2.368246e-01;1.473444e+00
1097907015995605;-4.257116e-01;-1.921246e-01;-1.165492e+00
1097907218989615;-7.857553e-01;-4.075232e-02;-1.758275e+00
1097907421654303;-4.964497e-01;1.829464e-01;-1.340688e+00
1097907624319667;-1.123380e-01;9.009492e-02;-5.349572e-01
1097907826613938;9.133039e-01;-2.055636e-01;1.760306e+00
1097908028849042;9.163581e-01;-2.403829e-01;2.274776e+00
1097908231615188;3.745212e-01;3.596452e-03;8.310583e-01
1097908433849251;-7.213702e-01;-3.270035e-01;-2.240980e+00
1097908636602115;-9.688926e-01;2.376798e-01;-1.366222e+00
1097908839392219;-4.880198e-01;1.302898e-01;-8.038598e-01
1097909042289407;8.704822e-02;-1.741729e-02;2.825335e-04
1097909244629719;8.844709e-01;-1.753869e-01;2.141119e+00
1097909447172219;8.005382e-01;-4.677468e-01;2.332931e+00
1097909649224928;-3.191769e-01;-2.335412e-01;-6.293969e-01
1097909852197532;-8.845933e-01;1.614439e-01;-1.141546e+00
1097910054197949;-5.915003e-01;3.693822e-01;-1.180886e+00
1097910257208053;-5.850251e-01;3.368842e-01;-1.379539e+00
1097910459786490;5.858191e-02;2.071366e-01;1.586187e-01
1097910662922011;9.230776e-01;-1.563279e-01;1.995611e+00
1097910864931699;9.622951e-01;-1.628031e-01;2.116318e+00
1097911067730136;3.054227e-04;8.483379e-03;9.679916e-02
1097911269594199;-8.858150e-01;1.649869e-01;-1.973299e+00
1097911472779459;-8.401223e-01;3.042641e-01;-1.667989e+00
1097911674539928;-4.788569e-01;2.992550e-01;-1.079971e+00
1097911877812324;1.392161e-01;-3.146718e-02;2.475605e-01
1097912080175136;1.127229e+00;-2.775235e-01;2.406723e+00
1097912283552324;8.666338e-01;-3.003699e-01;1.885167e+00
1097912485228574;-2.092212e-01;-1.320155e-01;-7.041667e-01
1097912688285657;-6.699353e-01;2.745760e-01;-1.796393e+00
1097912889959563;-6.263196e-01;3.155040e-01;-1.350217e+00
1097913093361126;-2.650542e-01;7.995454e-02;-6.579853e-01
1097913294878574;8.068911e-01;-2.276769e-01;1.886755e+00
1097913498415657;8.600364e-01;-3.208949e-01;2.180336e+00
1097913700561803;6.994399e-02;7.054724e-02;1.184237e-01
1097913904182740;-6.459895e-01;7.372373e-02;-1.943122e+00
1097914105522011;-6.514872e-01;2.389015e-01;-1.664079e+00
1097914308839355;-3.250411e-01;2.960785e-01;-9.621959e-01
1097914510322011;2.363436e-01;-2.343964e-01;6.884828e-01
1097914713940917;8.445204e-01;-3.454517e-01;2.675137e+00
1097914915215501;6.748222e-01;-7.031816e-02;1.605024e+00
1097915119018938;-2.714072e-01;7.030289e-02;-1.774890e+00
1097915320947584;-8.236290e-01;1.701182e-01;-1.887045e+00
1097915524812167;-4.442819e-01;1.691408e-01;-1.090355e+00
1097915725814251;3.324937e-01;2.827616e-01;-1.863977e-01
1097915928993730;7.914974e-01;-2.358625e-01;1.991213e+00
1097916130682041;8.731089e-01;-3.028133e-01;2.167875e+00
1097916334118863;-5.410429e-01;-1.857716e-01;-1.322240e+00
1097916535550634;-1.029612e+00;2.219195e-01;-1.208741e+00
1097916739405947;-6.886278e-01;7.775546e-02;-1.162437e+00
1097916941107927;-3.945575e-01;-5.113701e-02;-5.870028e-01
1097917145104697;6.588175e-01;-8.265764e-02;1.507408e+00
1097917346363291;6.352382e-01;-1.959120e-01;1.386701e+00
1097917549355739;3.610822e-01;-1.009836e-01;9.726570e-01
1097917751256052;-6.161793e-01;1.058552e-01;-1.190415e+00
1097917954454385;-1.077016e+00;-2.887634e-01;-1.674342e+00
1097918156146937;-8.511178e-01;1.547244e-01;-8.886479e-01
1097918359789437;2.551582e-01;7.250201e-02;4.823770e-01
1097918561731677;1.273592e+00;-5.749001e-02;2.197685e+00
1097918765396989;8.390226e-01;1.032896e-01;1.474666e+00
1097918966913135;-1.109758e+00;-8.277979e-02;-2.020947e+00
1097919169716989;-7.906423e-01;1.732947e-01;-1.170989e+00
1097919371832302;-1.885740e-01;1.750051e-01;-7.705066e-01
1097919574790531;4.237568e-01;2.864190e-02;8.418098e-01
1097919776745322;8.726203e-01;-2.358625e-01;1.597816e+00
1097919980173656;1.100351e+00;-1.086805e-01;1.939900e+00
1097920182356520;-5.429977e-01;-2.596940e-02;-1.415213e+00
1097920385688760;-1.397475e+00;2.282725e-01;-2.107811e+00
1097920587461520;-7.104967e-01;4.948539e-01;-1.127252e+00
1097920790076416;1.373407e+00;1.876385e+00;3.338047e+00
1097920992407406;3.475026e+00;3.007585e+00;2.904944e+00
1097921195124750;3.305084e+00;-2.643647e+00;-6.019079e-01
1097921397344750;-4.556440e-01;6.825116e-01;-2.392352e+00
1097921600557875;-5.894234e-01;4.530707e-01;-1.281434e+00
1097921802981364;-1.689041e-01;6.445157e-01;-6.422479e-02
1097922005979906;8.411608e-02;2.374355e-01;7.957277e-02
1097922208010739;-1.433700e-01;9.253837e-02;-1.255556e-01
1097922410435218;-7.971785e-02;-7.251728e-02;2.483929e-02
1097922612981572;-1.117882e-02;-1.041601e-01;2.349538e-02
1097922815457822;6.346884e-02;-2.334190e-01;3.644572e-02
1097923017943031;-2.993237e-03;-7.691550e-02;1.038852e-01
1097923220940687;3.921141e-01;6.610091e-01;3.310047e-01
1097923423605583;-9.071342e-02;1.247920e-01;7.979423e-03
1097923626270687;-1.387274e-01;6.553816e-02;8.933856e-04
1097923828561052;2.131918e-02;8.520799e-02;-2.402989e-02
1097924030794697;-2.376264e-02;-3.207804e-02;1.885281e-02
