#time;x;y;z
687265772253376;-2.336252e-01;-7.394747e-01;2.691852e-01
687265973756761;-4.998401e-01;-1.762184e+00;-3.749184e-03
687266177297282;-6.634296e-01;-3.922324e+00;-3.892048e-01
687266379427959;-2.248501e+00;9.083940e-01;-1.212406e+00
687266583054209;-2.828823e+00;-2.180016e+00;-5.899350e-01
687266784379261;-2.321072e+00;-8.226745e-01;2.431158e+00
687266987701501;-4.143190e-01;4.495124e-01;-1.171356e+00
687267189168897;-2.953806e+00;2.023833e+00;-1.349240e+00
687267392791188;-3.820654e-01;1.015639e-01;2.799365e-01
687267594051813;-1.384617e+00;-8.181766e-02;2.515945e+00
687267797857855;-1.803059e+00;-5.591474e-01;3.717150e+00
687267999772438;9.326377e-01;-1.465426e+00;-7.082213e-02
687268203640719;3.004691e+00;-1.219859e+00;9.859738e-01
687268404630303;9.644028e-01;2.412075e-01;4.598972e-01
687268607812386;-2.746356e+00;-1.565975e+00;-3.222540e-01
687268809489469;-1.850950e+00;-1.207519e+00;1.159803e-01
687269012928376;-8.047837e-01;-5.751521e-01;2.727282e-01
687269214347126;2.445627e+00;-1.125297e+00;2.483928e-02
687269418202855;3.108294e+00;1.286031e+00;1.330845e-01
687269619897074;-1.904585e+00;-1.845652e-01;-1.393612e-01
687269823893584;-2.291751e+00;-1.067998e+00;-1.145600e-01
687270025141449;-1.347965e+00;-8.291727e-02;-1.057636e-01
687270228133428;1.605933e+00;-7.074654e-01;4.817433e-02
687270430025303;3.027415e+00;1.415656e+00;-2.231718e-01
687270633222751;-1.514120e+00;-1.165148e-01;-4.118068e-01
687270834907282;-1.775936e+00;-1.486692e-02;-1.716148e-01
687271038547594;-1.098854e+00;-5.347357e-02;-1.887190e-01
687271240482594;1.017426e+00;-1.755473e-02;2.810360e-01
687271444145199;2.969505e+00;-9.491224e-03;-1.321530e-01
687271645653636;-5.774198e-01;5.416308e-01;-4.318432e-01
687271848454782;-2.078925e+00;-9.239558e-01;1.587408e-01
687272050562178;-1.257068e+00;-3.521864e-01;-4.792463e-01
687272253517438;2.391537e-02;-9.464587e-02;2.096869e-01
687272455466397;3.337124e+00;-5.114999e-01;8.499953e-01
687272658891084;1.328600e+00;2.752939e-01;2.263024e-01
687272861068115;-2.464869e+00;-1.522237e+00;-4.236576e-01
687273064396657;-2.321439e+00;-2.312818e+00;3.004614e-01
687273266164261;-1.661827e+00;-1.035255e+00;3.635027e-01
687273468774990;1.319682e+00;-1.136292e+00;-5.553601e-01
687273671099574;2.413862e+00;-9.944495e-01;5.209836e-01
687273873812594;-7.347786e-01;-1.159994e+00;3.378464e-01
687274076026553;-6.994706e-01;-2.142020e+00;5.025126e-02
687274279235511;-1.572519e+00;-2.361809e+00;2.664973e-01
687274481654157;-5.793747e-01;-8.997656e-01;4.806666e-01
687274684648428;2.354731e+00;-1.357548e+00;-1.345964e-01
687274886674886;2.546298e+00;8.951993e-01;-5.149208e-01
687275089095199;-1.526948e+00;-1.845651e-01;9.447787e-02
687275291636449;-1.522305e+00;-3.768654e-01;3.468872e-01
687275494107542;-1.128786e+00;-2.891682e-02;-9.024762e-02
687275696587230;7.220116e-01;-2.589685e-01;2.831129e-01
687275899580459;3.106217e+00;-3.905720e-02;-8.193987e-02
687276102240928;-7.463850e-01;3.652131e-01;-3.209101e-01
687276304900824;-1.854982e+00;-5.702651e-01;1.674151e-01
687276507185980;-1.121578e+00;-8.768201e-02;-1.789452e-01
687276709415459;3.161228e-02;-2.743623e-01;6.882156e-02
687276912172751;3.257589e+00;6.088031e-02;7.395280e-02
687277114402282;4.875618e-01;1.069540e+00;-3.617159e-01
687277317147855;-2.564563e+00;-1.913557e+00;-1.510898e-01
687277519925042;-1.275760e+00;4.450913e-02;-5.335141e-02
687277722826969;-1.016876e+00;-3.699015e-01;4.068741e-01
687277925152907;1.739346e+00;-8.093577e-01;-2.771722e-01
687278127697594;1.336541e+00;-6.036184e-01;5.390652e-01
687278329736136;-8.598838e-01;-6.482115e-01;-2.003254e-01
687278532709574;-3.397934e-01;-1.426331e+00;3.656791e-02
687278734696501;-1.750769e+00;-3.033272e+00;1.510439e-01
687278937706917;-7.419869e-01;-1.117233e+00;4.380282e-01
687279140268688;2.795164e+00;-1.691813e+00;-1.626962e-01
687279343412490;2.842934e+00;1.510440e-01;1.367764e+00
687279545404938;-7.306247e-01;1.991801e-01;-1.118722e-01
687279748209209;-2.847027e+00;-2.793324e+00;-1.931173e-01
687279950057074;-1.506301e+00;-8.849826e-01;7.065414e-02
687280153246917;-1.333212e-01;-8.787518e-01;4.872639e-01
687280354991761;2.885817e+00;-3.822409e-01;-7.864120e-02
687280558267542;1.357678e+00;9.647156e-01;-2.865795e-01
687280760613167;-2.454729e+00;-1.345086e+00;1.191568e-01
687280963998532;-1.299829e+00;1.033965e-01;-3.575851e-02
687281165656449;-8.505985e-01;5.660424e-02;4.145710e-01
687281368719782;2.725770e+00;-7.347100e-01;-1.670944e-01
687281570377803;2.546542e+00;1.043762e+00;-3.424126e-01
687281773784261;-2.197066e+00;-4.587213e-01;-8.303943e-02
687281976079730;-1.874774e+00;-5.156538e-01;3.620137e-02
687282179538219;-1.370322e+00;9.521090e-02;8.922444e-02
687282381029886;2.171105e+00;-8.721545e-01;-2.115654e-01
687282584625511;2.851242e+00;1.105215e+00;-2.735070e-01
687282785912907;-1.753945e+00;-2.786383e-01;-3.802862e-01
687282989267022;-1.677099e+00;-4.825449e-01;1.021748e-01
687283190701865;-1.368001e+00;3.571268e-02;6.478983e-02
687283394353376;6.491965e-01;-2.688645e-01;1.113377e-01
687283596444001;3.161561e+00;-1.538997e-01;-7.179951e-02
687283800134678;1.076191e+00;8.071126e-01;-4.565451e-02
687284001302907;-2.422720e+00;-1.511363e+00;-2.220722e-01
687284205245876;-2.169700e+00;-2.150572e+00;4.011320e-01
687284406160980;-1.424934e+00;-7.762488e-01;4.458472e-01
687284609410147;1.483393e+00;-7.932308e-01;-8.210862e-01
687284811018480;2.082896e+00;-1.538608e+00;6.423013e-01
687285014735355;-7.631227e-01;-9.806441e-01;3.281947e-01
687285216551865;-5.631256e-01;-2.496444e+00;5.152414e-01
687285420424365;-1.731710e+00;-2.449285e+00;1.856189e-01
687285621435459;-2.227518e-01;-1.317353e+00;3.627697e-01
687285825507594;2.830717e+00;-1.156329e+00;-6.359942e-01
687286026680928;1.889618e+00;1.118531e+00;-1.733253e-01
687286229740251;-2.397186e+00;-1.417535e+00;3.624031e-01
687286431563844;-1.562867e+00;-1.480354e-01;3.484754e-01
687286635107282;-6.275108e-01;-1.040532e-01;3.071810e-01
687286837126136;2.747028e+00;-5.970210e-01;-4.682507e-01
687287040704261;2.101222e+00;1.379737e+00;-2.691088e-01
687287242033844;-2.458517e+00;-1.044907e+00;-1.537776e-01
687287445760407;-1.555170e+00;1.468900e-01;-1.169042e-02
687287647202178;-1.008202e+00;-1.942168e-01;4.443812e-01
687287850060980;2.737010e+00;-2.038685e-01;-3.863949e-01
687288052110355;2.243920e+00;1.277478e+00;-5.833376e-01
687288255472178;-2.297126e+00;-1.026215e+00;-1.843208e-01
687288457700876;-1.488219e+00;3.219639e-01;2.473162e-01
687288660977074;-8.653815e-01;1.316184e-01;1.991801e-01
687288862634105;2.589303e+00;-7.358095e-01;-2.087554e-01
687289066008219;2.258214e+00;1.204663e+00;-1.895743e-01
687289267725251;-2.648984e+00;-1.538486e+00;-3.035616e-01
687289470377230;-1.673311e+00;-9.571870e-01;2.893437e-01
687289672657386;-1.132207e+00;-3.200549e-01;2.369315e-01
687289875832699;1.934822e+00;-7.111306e-01;-4.021551e-01
687290078275563;1.495366e+00;-7.240809e-01;5.652102e-01
687290281245459;-8.630602e-01;-1.094754e+00;1.258763e-01
687290483233897;-1.255968e+00;-2.344827e+00;2.982623e-01
687290686252230;-1.637515e+00;-2.390031e+00;6.099254e-01
687290888249105;1.398117e+00;-1.180030e+00;-5.707539e-01
687291090690563;3.131751e+00;-6.951258e-01;1.514104e-01
687291293205251;2.784015e-01;5.726628e-01;7.004327e-02
687291496191709;-2.329013e+00;-2.096083e+00;3.591045e-01
687291698851344;-1.755656e+00;-1.063966e+00;4.314308e-01
687291901511501;1.093142e-01;-9.222454e-01;2.944750e-01
687292103832751;3.055637e+00;-7.195604e-01;-1.658727e-01
687292306493167;7.190795e-01;6.656364e-01;-1.413159e-01
687292508772594;-2.364444e+00;-1.111369e+00;-2.399095e-01
687292711001865;-1.204167e+00;1.296637e-01;1.377271e-01
687292913753949;-7.974533e-01;1.202563e-01;4.120054e-01
687293116549886;2.529194e+00;-4.056982e-01;-4.621421e-01
687293319427959;2.315513e+00;1.057445e+00;-1.893299e-01
687293521777230;-2.332434e+00;-1.132383e+00;-3.893500e-02
687293724432855;-1.538799e+00;7.028762e-02;2.566014e-01
687293926733376;-1.086148e+00;7.590757e-02;2.691852e-01
687294129295980;2.502071e+00;-8.242627e-01;-3.639150e-01
687294331312022;2.298654e+00;1.166790e+00;-1.163926e-01
687294534302230;-2.490282e+00;-9.089285e-01;1.506545e-02
687294736906553;-1.715950e+00;2.386189e-02;3.143662e-02
687294940003167;-1.288222e+00;2.352211e-01;1.851302e-01
687295142041553;2.667249e+00;-1.079238e+00;-4.428387e-01
687295345033167;3.100108e+00;1.446566e+00;-9.831104e-02
687295546972699;-1.508500e+00;-4.066756e-01;-3.727114e-01
687295749819053;-2.415390e+00;-2.539449e+00;3.493306e-01
687295951620615;-1.723402e+00;-9.246888e-01;2.761490e-01
687296154849053;-1.246469e-01;-1.017662e+00;2.098091e-01
687296357261553;2.423148e+00;-6.585963e-01;-1.942168e-01
687296560577178;7.701477e-01;-1.082536e+00;5.861017e-01
687296762304886;-5.996553e-01;-1.842818e+00;2.199495e-01
687296965632751;-1.632994e+00;-2.535051e+00;6.972791e-01
687297167212438;-1.205267e+00;-1.374896e+00;9.899826e-02
687297370343063;9.448550e-01;-1.465060e+00;-9.684496e-02
687297571929626;2.804327e+00;-3.418016e-01;-3.755214e-01
687297775397022;1.446224e-01;6.963016e-01;2.255694e-01
687297977617282;-1.756145e+00;-9.986035e-01;2.936198e-01
687298181152334;-1.380463e+00;5.983190e-01;1.538539e-01
687298382567751;2.586096e-01;-3.984900e-01;1.697364e-01
687298585808480;2.854540e+00;-6.318403e-01;-1.813886e-01
687298787359053;3.145649e-01;5.165854e-01;-1.438816e-01
687298990908272;-2.152351e+00;-9.274988e-01;-5.616139e-02
687299192243688;-1.465862e+00;-1.607414e-01;1.270980e-01
687299395983584;-5.634922e-01;-3.431456e-01;2.399859e-01
687299597973688;2.926134e+00;-2.834030e-01;-4.074086e-01
687299801766188;1.681802e+00;1.116577e+00;-2.280587e-01
687300002830772;-2.346606e+00;-9.796666e-01;-2.060905e-02
687300205944782;-1.450223e+00;-1.018541e-01;1.395597e-01
687300407688532;-8.212770e-01;-4.712059e-02;2.429180e-01
687300611066605;2.476904e+00;-7.786922e-01;-4.225580e-01
687300812547334;2.367559e+00;1.598305e+00;-5.288485e-01
687301016358324;-2.450575e+00;-1.079238e+00;-8.193987e-02
687301218091917;-1.555659e+00;-1.073518e-01;1.867184e-01
687301422048532;-9.373414e-01;-2.855029e-02;1.173242e-01
687301623337751;1.467511e+00;-7.818687e-01;-3.850509e-01
687301826293063;1.603611e+00;-1.157818e-01;4.606301e-01
687302028221188;-9.436943e-01;-1.253090e+00;2.410854e-01
687302231386084;-4.895775e-01;-1.814474e+00;1.185459e-01
687302433102542;-1.684673e+00;-2.180505e+00;3.472537e-01
687302636719938;-5.760759e-01;-1.460173e+00;3.641136e-01
687302838674886;2.415695e+00;-1.991136e+00;-6.214556e-01
687303042317907;2.584294e+00;3.481089e-01;7.601982e-01
687303243846969;-1.214063e+00;-6.155913e-01;2.460945e-01
687303446630147;-2.112401e+00;-1.927362e+00;2.019901e-01
687303648756709;-1.138316e+00;-6.467454e-01;1.769446e-01
687303851695667;-1.266017e-01;-6.011749e-01;3.157330e-01
687304053660980;2.939817e+00;-8.342808e-01;4.426477e-02
687304257075094;9.526742e-01;6.651477e-01;-8.804852e-02
687304459260772;-2.401217e+00;-1.004101e+00;-2.791270e-01
687304662580407;-1.234100e+00;-1.511128e-02;2.460945e-01
687304864356865;-7.578693e-01;6.857720e-02;2.710178e-01
687305066959678;2.400057e+00;-7.931086e-01;-1.635514e-01
687305269293532;2.701213e+00;1.027879e+00;-1.933616e-01
687305471999626;-2.054246e+00;-6.684921e-01;7.419715e-02
687305674221501;-1.701411e+00;-2.297691e-01;2.190714e-02
687305877426397;-8.609833e-01;2.970406e-01;-1.150487e-01
687306079846949;4.430907e-01;-1.190804e-01;2.487823e-01
687306282838095;3.038166e+00;-1.510898e-01;-3.278740e-01
687306484867574;-3.379609e-01;6.795641e-01;-2.425973e-01
687306687284814;-2.107025e+00;-8.786296e-01;-2.708421e-02
687306889828616;-1.340634e+00;6.813967e-01;-5.826127e-03
687307092297834;9.538651e-02;-1.668501e-01;1.489670e-01
687307294780855;2.912328e+00;-6.981803e-01;1.654603e-01
687307497773303;1.718210e+00;4.717479e-01;9.679914e-02
687307700433251;-1.909960e+00;-7.162619e-01;-3.481547e-01
687307903093407;-2.439336e+00;-2.395407e+00;3.602040e-01
687308105379084;-1.675877e+00;-5.057579e-01;3.802404e-01
687308307608095;3.541488e-01;-6.157134e-01;-4.036212e-01
687308510365647;2.382709e+00;-1.648930e+00;-7.131082e-02
687308712594657;9.184347e-02;-1.187483e+00;4.554989e-01
687308915339970;-1.482264e-01;-1.216071e+00;-1.762574e-01
687309118118303;-1.597930e+00;-2.511471e+00;6.838402e-01
687309321018876;-9.077755e-01;-1.679351e+00;-1.718820e-02
687309523346793;1.515647e+00;-1.542395e+00;-3.249418e-01
687309725891168;2.947636e+00;-3.551185e-01;-8.426116e-02
687309927930855;-1.222860e+00;-3.548742e-01;3.622810e-01
687310130903459;-1.556025e+00;-4.445491e-01;4.647840e-01
687310332891116;-1.289322e+00;4.713814e-01;1.902614e-01
687310535900595;8.650761e-01;-5.573148e-01;-8.145119e-02
687310738463512;2.787590e+00;2.622213e-01;-4.996492e-01
687310941605439;-3.687484e-01;8.656334e-01;-2.932990e-01
687311143598824;-1.836412e+00;-6.527319e-01;1.594739e-01
687311346401480;-1.476002e+00;3.376020e-01;-6.495784e-02
687311548251532;2.947728e-01;-3.868836e-01;1.421253e-01
687311751440595;3.137126e+00;-5.951884e-01;-1.756465e-01
687311953186689;1.006430e+00;7.130395e-01;-8.316159e-02
687312156461220;-2.482707e+00;-9.149150e-01;1.294193e-01
687312358808720;-1.440816e+00;4.122497e-01;-1.501124e-01
687312562192209;-9.031329e-01;-3.209332e-02;2.120082e-01
687312763850751;2.154001e+00;-9.013538e-01;-3.038059e-01
687312966912314;2.952279e+00;1.062332e+00;-2.215835e-01
687313168571064;-1.583880e+00;-2.372217e-01;5.489382e-02
687313371976168;-2.107392e+00;-8.315931e-01;7.505237e-02
687313573481012;-1.189751e+00;-4.298884e-01;-1.181030e-01
687313777021116;-7.339234e-01;-4.835224e-01;3.208643e-01
687313979152626;2.272753e+00;-8.088689e-01;-3.846844e-01
687314182778043;7.290977e-01;-1.114790e+00;3.324708e-01
687314384102991;-6.214021e-01;-9.663499e-01;-1.852982e-01
687314587424293;-1.404408e+00;-1.822538e+00;6.094369e-01
687314788891116;-1.024451e+00;-1.572328e+00;2.363206e-01
687314992512418;5.229918e-01;-1.118455e+00;-1.740583e-01
687315193774345;2.959609e+00;-1.432195e+00;5.617893e-01
687315397579605;1.426216e+00;4.332634e-01;9.426025e-01
687315599495230;-2.194990e+00;-1.193225e+00;-1.718592e-01
687315803362470;-1.866467e+00;-1.353882e+00;1.807320e-01
687316004354137;-8.633045e-01;-2.870682e-01;2.761491e-01
687316207535699;7.020974e-01;-7.284791e-01;1.363832e-01
687316409211741;2.909029e+00;-4.483365e-01;3.485746e-02
687316612650126;-7.597018e-01;-2.364886e-01;1.372384e-01
687316814068355;-1.583881e+00;-5.333689e-01;2.544023e-01
687317017923616;-1.111682e+00;1.715690e-01;-6.314822e-03
687317219617782;2.632521e-01;-4.041099e-01;1.493335e-01
687317423613980;2.809458e+00;-3.672136e-01;-3.022177e-01
687317624863199;3.123657e-01;1.092509e+00;-3.013625e-01
687317827854814;-2.192546e+00;-1.233298e+00;4.817432e-02
687318029747574;-1.308258e+00;7.057090e-01;3.925569e-02
687318232944501;-9.666938e-02;-1.657505e-01;1.784107e-01
687318434628512;2.878853e+00;-2.300134e-01;-2.122984e-01
687318638268512;1.591761e+00;7.967279e-01;-3.063716e-01
687318840203876;-2.349294e+00;-9.844314e-01;1.206229e-01
687319043866168;-1.513875e+00;1.102382e-01;4.878518e-02
687319245373251;-1.058903e+00;3.717875e-02;-8.230639e-02
687319448174293;1.646983e+00;-7.862669e-01;-1.425377e-01
687319650282834;3.105484e+00;6.903154e-01;2.100535e-01
687319853237887;-3.060738e-01;2.696739e-01;5.183951e-02
687320055187574;-2.466091e+00;-1.518205e+00;-1.563432e-01
687320258611897;-1.766163e+00;-1.828524e+00;2.800586e-01
687320460788876;-1.211009e+00;-5.174864e-01;4.976486e-01
687320664117262;1.199708e+00;-5.950662e-01;-7.305561e-01
687320865884345;2.371957e+00;-8.771636e-01;3.387016e-01
687321068494553;-7.383217e-01;-1.352172e+00;4.165257e-01
687321270818772;-2.609920e-01;-1.935059e+00;-1.662392e-01
687321473531949;-1.364336e+00;-2.956303e+00;5.440742e-01
687321675746116;-5.947684e-01;-1.131039e+00;2.599001e-01
687321878954762;2.279472e+00;-1.411792e+00;-3.772319e-01
687322081373355;2.343369e+00;7.795016e-01;-5.211516e-01
687322284367834;-1.334770e+00;-3.828518e-01;3.928242e-01
687322486394397;-1.512409e+00;-7.888325e-01;7.957505e-01
687322688814189;-1.153465e+00;3.962221e-02;2.030896e-01
687322891355126;1.221821e+00;-6.155913e-01;-1.337412e-01
687323093826012;2.724426e+00;-2.038796e-03;-3.762545e-01
687323296305178;-9.772919e-01;1.672929e-01;-8.365028e-02
687323499298147;-1.649610e+00;-5.411881e-01;2.343659e-01
687323701958355;-1.219805e+00;3.895255e-01;6.442332e-02
687323904618251;6.909797e-01;-4.182820e-01;-5.469531e-02
687324106903668;2.870423e+00;-3.783314e-01;1.103375e-02
687324309133407;-3.858526e-01;4.749244e-01;-9.232458e-02
687324511890959;-1.811000e+00;-8.265839e-01;5.868119e-02
687324714119970;-1.379730e+00;3.434663e-01;2.361755e-02
687324916865022;-1.004867e-02;-1.238452e-01;1.011974e-01
687325119642209;2.958632e+00;-1.943390e-01;-1.309312e-01
687325322543876;9.200541e-01;9.841413e-01;-2.275700e-01
687325524869293;-2.347950e+00;-1.240017e+00;3.375791e-02
687325727413772;-1.518152e+00;7.138718e-02;-6.070472e-03
687325929452314;-1.076252e+00;-3.443674e-01;3.369912e-01
687326132425751;1.788703e+00;-5.835820e-01;-6.401480e-01
687326334413303;1.429759e+00;-1.200555e+00;2.945971e-01
687326537424137;-9.748484e-01;-3.394805e-01;-4.504364e-02
687326739985543;-6.745473e-01;-1.812764e+00;6.377810e-01
687326943128876;-1.599274e+00;-2.953004e+00;7.700713e-02
687327145120803;4.140135e-01;-6.557862e-01;1.764559e-01
687327347924918;3.191371e+00;-1.569884e+00;-6.984478e-02
687327549772053;1.370261e+00;3.630139e-01;9.358829e-01
687327752961584;-2.093952e+00;-1.118822e+00;1.592065e-02
687327954706428;-1.952354e+00;-1.793460e+00;4.649062e-01
687328157982209;-1.144425e+00;-6.589627e-01;3.532402e-01
687328360327834;1.996642e+00;-1.264941e+00;-4.292776e-01
687328563712834;2.618869e+00;9.812091e-01;-2.406425e-01
687328765371064;-1.968847e+00;-5.615909e-01;-6.192643e-03
687328968434501;-1.653764e+00;-4.577438e-01;1.775555e-01
687329170091689;-1.117913e+00;-3.283329e-04;3.150000e-01
687329373497939;1.602512e+00;-7.268909e-01;-2.553033e-01
687329575000282;3.019718e+00;1.360556e+00;-4.500469e-01
687329778541324;-7.931772e-01;5.628889e-01;-2.780274e-01
687329980671168;-1.937816e+00;-1.012409e+00;-1.217911e-02
687330184297834;-1.100198e+00;3.002171e-01;1.132925e-01
687330385621064;1.057712e-01;-9.000329e-02;1.233107e-01
687330588943564;3.020329e+00;-4.201145e-01;-3.264079e-01
687330790411012;8.444291e-01;1.211750e+00;-1.837099e-01
687330994033772;-2.344529e+00;-1.222058e+00;-6.349175e-02
687331195294449;-1.580582e+00;1.765781e-01;9.838741e-02
687331399100959;-6.750361e-01;-2.060906e-02;3.131674e-01
687331601015022;2.247585e+00;-7.013567e-01;-5.254277e-01
687331804883355;3.191616e+00;1.548580e+00;4.744127e-02
687332005871376;-8.039285e-01;4.451142e-01;-1.773569e-01
687332209053980;-2.972010e+00;-2.825822e+00;-1.358182e-01
687332410728980;-2.016617e+00;-1.619853e+00;2.124969e-01
687332614396532;-6.315426e-01;-1.020472e+00;4.726032e-01
687332816257105;2.545198e+00;-7.724614e-01;-8.025159e-01
687333020085907;1.780762e+00;-6.275643e-01;8.028366e-01
687333221141637;-1.383273e+00;-1.815696e+00;3.120679e-01
687333425174032;-1.106673e+00;-3.077376e+00;6.955687e-01
687333626386012;-1.479911e+00;-2.491679e+00;2.597778e-01
687333829409501;6.573821e-01;-1.166347e+00;3.155878e-02
687334031268459;2.845622e+00;-5.801612e-01;-4.267119e-01
687334234787001;5.644085e-01;1.007476e+00;-5.469530e-02
687334436827262;-2.075382e+00;-1.499879e+00;2.862894e-01
687334640383512;-1.466106e+00;-1.074740e-01;1.845193e-01
687334841735595;1.269071e-01;-2.742401e-01;2.354654e-01
687335045442574;2.867735e+00;-2.146197e-01;-5.277490e-01
687335246905074;1.348881e+00;1.260619e+00;-3.460777e-01
687335449745907;-2.506897e+00;-1.209107e+00;1.369940e-01
687335651812887;-1.371178e+00;2.375424e-01;-1.376737e-02
687335855163303;-4.003913e-01;2.667188e-02;2.299676e-01
687336057401480;2.629620e+00;-5.415545e-01;-3.812636e-01
687336260667626;1.908433e+00;1.528911e+00;-5.322694e-01
687336462333720;-2.561753e+00;-1.259320e+00;8.262710e-02
687336665699241;-1.472703e+00;1.051069e-01;3.336840e-03
687336867426168;-7.853583e-01;4.927387e-02;2.548909e-01
687337070070491;1.656146e+00;-8.275614e-01;-2.257375e-01
687337272358824;2.737254e+00;1.252555e+00;-3.299510e-01
687337475529970;-1.654741e+00;-6.640940e-01;-1.832212e-01
687337677976220;-1.529147e+00;-6.221887e-01;2.911763e-01
687337880942574;-1.081506e+00;-7.426512e-01;-2.879464e-02
687338082933928;-2.115118e-01;-5.080791e-01;2.336328e-01
687338285948928;2.209223e+00;-8.259731e-01;-1.904295e-01
687338487948720;2.196062e-02;-6.423472e-01;2.550131e-01
687338690387626;-7.641002e-01;-1.353271e+00;-5.740525e-01
687338892905543;-1.585957e+00;-2.209215e+00;7.041208e-01
687339095891220;-7.590910e-01;-2.204084e+00;3.825617e-01
687339298550543;2.233169e+00;-1.479476e+00;-9.441144e-01
687339501211220;3.166326e+00;6.857719e-02;7.455375e-01
687339703533303;-2.574489e-01;-2.203618e-01;2.467053e-01
687339906192939;-2.394987e+00;-2.028766e+00;3.418781e-01
687340108472366;-1.467450e+00;-1.130184e+00;4.568428e-01
687340310701116;-5.911033e-01;-5.917676e-01;4.785896e-01
687340513452939;2.680444e+00;-1.063477e+00;-3.683133e-01
687340716249501;1.887664e+00;1.113767e+00;-1.134605e-01
687340919125439;-2.385091e+00;-1.370986e+00;2.732169e-01
687341121476584;-1.437151e+00;-1.889863e-02;1.809763e-01
687341324131532;-1.022862e+00;2.005240e-01;2.635652e-01
687341526433720;1.944474e+00;-8.149775e-01;-3.723450e-01
687341728995803;2.776716e+00;1.397086e+00;-3.234758e-01
687341931012366;-1.688338e+00;-2.133979e-01;-6.239219e-02
687342134001324;-1.560546e+00;-1.850538e-01;1.311297e-01
687342336607001;-1.411739e+00;9.936478e-02;4.438696e-02
687342539701272;1.545335e+00;-5.773512e-01;-2.193844e-01
687342741741376;2.739576e+00;5.660654e-01;-1.866421e-01
687342944731428;-1.195248e+00;-1.586645e-01;-4.125628e-02
687343146672626;-1.826760e+00;-5.722198e-01;1.730351e-01
687343349517314;-1.234466e+00;6.473105e-01;2.117410e-02
687343551320907;1.113087e+00;-3.139463e-01;-9.134718e-02
687343754548564;3.179643e+00;6.026944e-02;1.323515e-01
687343956962522;3.146871e-01;5.685089e-01;5.049559e-02
687344160276168;-2.740614e+00;-2.190156e+00;-1.724700e-01
687344362004918;-1.904707e+00;-1.701587e+00;3.578827e-01
687344565330699;-1.161773e+00;-8.108237e-01;6.217762e-01
687344766911012;1.618028e+00;-2.678871e-01;-9.570647e-01
687344970039866;2.309038e+00;-1.280212e+00;3.989329e-01
687345171628407;-1.128909e+00;-1.265674e+00;2.425514e-01
687345375094762;-2.961778e-01;-1.910014e+00;3.215974e-01
687345577316220;-1.697868e+00;-3.035837e+00;1.933158e-01
687345780849553;-2.655123e-01;-1.188949e+00;1.560530e-01
687345982267105;1.678137e+00;-1.395177e+00;-6.252430e-01
687346185929241;2.785513e+00;3.898920e-01;-7.083205e-01
687346387149553;-1.147845e+00;-1.380172e-01;6.471882e-01
687346590563251;-1.432997e+00;-6.805874e-01;5.769388e-01
687346791936584;-1.491884e+00;-1.359403e-01;2.495153e-01
687346995641845;8.219491e-01;-4.890201e-01;-1.133383e-01
687347197671012;2.618380e+00;2.618548e-01;-4.937849e-01
687347401423824;-2.789514e-01;5.804817e-01;-9.110285e-02
687347602528512;-1.680641e+00;-5.567039e-01;4.365622e-01
687347805607157;-1.055849e+00;-4.961061e-01;-1.005101e-01
687348007386845;-6.375290e-01;1.019304e-01;3.996659e-01
687348210732678;2.637073e+00;-3.730780e-01;-5.108891e-01
687348412244137;2.070801e+00;1.514372e+00;-5.359346e-01
687348616031480;-2.543182e+00;-1.073373e+00;6.552288e-02
687348817785803;-1.503491e+00;2.331441e-01;1.115821e-01
687349021721064;-7.479733e-01;-4.858666e-02;2.941084e-01
687349223030907;2.497795e+00;-8.278057e-01;-5.881025e-01
687349425967574;2.218630e+00;1.613699e+00;-5.907902e-01
687349627915126;-2.308733e+00;-1.115401e+00;-3.441459e-02
687349831063043;-1.580582e+00;-5.829712e-01;2.897103e-01
687350032797262;-8.685579e-01;-3.080820e-01;1.571526e-01
687350236402678;4.020406e-01;-5.449753e-01;-1.238452e-01
687350438367782;1.995787e+00;-6.104600e-01;2.959410e-01
687350641999970;-6.212800e-01;-6.770443e-01;-7.780890e-03
687350843539241;-1.922085e-01;-1.727365e+00;-2.197510e-01
687351046312887;-1.614913e+00;-2.289605e+00;6.138350e-01
687351248448303;-6.306872e-01;-1.569517e+00;4.458472e-01
687351451378928;2.305373e+00;-1.707817e+00;-5.061244e-01
687351653353407;2.871278e+00;1.223333e-01;7.329537e-01
687351856761897;-1.022740e+00;-5.297037e-01;1.807320e-01
687352058951376;-2.196578e+00;-2.225342e+00;2.467054e-01
687352262266584;-1.407463e+00;-6.892616e-01;4.260552e-01
687352464048459;3.738187e-01;-8.836387e-01;1.511661e-01
687352666647001;2.866025e+00;-2.834031e-01;-4.011778e-01
687352868984084;8.276912e-01;8.848146e-01;-9.098066e-02
687353071685959;-2.280022e+00;-1.050771e+00;2.520810e-01
687353273911376;-1.390114e+00;-2.543259e-01;1.966144e-01
687353477114084;-3.270875e-01;-5.066360e-02;1.566639e-01
687353679536845;2.695349e+00;-7.227371e-01;-4.472370e-01
687353882526428;1.564516e+00;1.373873e+00;-4.440605e-01
687354084557887;-2.310809e+00;-7.463164e-01;4.780781e-02
687354286974189;-1.321453e+00;-1.386281e-01;1.335732e-01
687354489520543;-1.176434e+00;-9.002620e-03;2.200716e-01
687354691987887;2.243920e+00;-9.260327e-01;-4.553004e-01
687354894471428;2.592113e+00;1.565440e+00;-3.637929e-01
687355097463616;-2.017716e+00;-6.947594e-01;-8.658243e-02
687355300123564;-1.688461e+00;-6.396594e-01;2.159178e-01
687355502783199;-1.445703e+00;-2.256152e-01;2.342437e-01
687355705068876;1.878867e+00;-5.813828e-01;-4.030104e-01
687355907298147;2.980623e+00;5.511603e-01;-2.454073e-01
687356110055959;-5.273290e-01;5.201283e-01;-1.819995e-01
687356312285230;-2.108491e+00;-1.698532e+00;1.140028e-02
687356515031064;-1.757733e+00;-1.419856e+00;2.721173e-01
687356717809814;-1.008201e+00;-7.979956e-01;6.203102e-01
687356920709709;1.575634e+00;-8.323261e-01;-1.036844e+00
687357123037314;1.797989e+00;-1.266040e+00;2.741943e-01
687357325580126;-8.703906e-01;-1.187605e+00;2.793255e-01
687357527619970;-3.032638e-01;-2.394796e+00;3.311269e-01
687357730592053;-1.792674e+00;-2.580987e+00;2.128635e-01
687357932580543;-2.507294e-01;-1.139347e+00;3.694892e-01
687358135589709;2.308794e+00;-1.094509e+00;-6.915829e-01
687358338153303;2.926867e+00;7.064421e-01;-7.436513e-02
687358541294084;-2.062432e+00;-8.841274e-01;6.058938e-01
687358743288876;-1.593043e+00;-4.186485e-01;4.726032e-01
687358946091012;-1.081628e+00;-5.176315e-02;2.069991e-01
687359147941168;1.874958e+00;-6.308630e-01;-3.774762e-01
687359351129084;2.551674e+00;1.165690e+00;-5.480297e-01
687359552875647;-1.784855e+00;-3.597611e-01;-3.881282e-02
687359756149553;-1.722914e+00;-5.597582e-01;2.381532e-01
687359958497157;-1.181321e+00;1.347949e-01;2.508592e-01
687360161879501;1.928591e+00;-6.705691e-01;-4.337980e-01
687360363539814;2.598222e+00;7.576326e-01;-2.648328e-01
687360566601064;-1.627130e+00;-4.340423e-01;-4.186714e-02
687360768260855;-1.485409e+00;-3.993542e-03;1.859854e-01
687360971665022;-1.187796e+00;-2.507829e-01;5.354992e-02
687361173169970;7.027083e-01;-6.471348e-02;2.899315e-02
687361376709636;2.676534e+00;-1.441259e-01;-4.584768e-01
687361578841511;6.727760e-01;1.232519e+00;-1.528002e-01
687361782466563;-2.405493e+00;-1.323706e+00;1.597182e-01
687361983791407;-1.390481e+00;2.347324e-01;-3.099374e-02
687362187111771;-1.042532e+00;-2.901226e-01;3.925799e-01
687362388580365;1.979904e+00;-5.592696e-01;-7.565789e-01
687362592201407;1.546435e+00;-9.223676e-01;6.234866e-01
687362793464219;-1.171425e+00;-1.123953e+00;-1.267773e-01
687362997269115;-6.517010e-01;-1.892909e+00;4.441368e-01
687363199185261;-1.463662e+00;-2.547879e+00;-8.181769e-02
687363403051980;2.590983e-01;-1.220836e+00;7.969495e-02
687363604042605;3.275793e+00;-1.838054e+00;1.818315e-01
687363807223646;1.599335e+00;7.462704e-01;6.510977e-01
687364008899167;-2.328403e+00;-1.835366e+00;2.140852e-01
687364212337032;-1.696036e+00;-1.601527e+00;4.705262e-01
687364413756824;-1.073076e+00;-7.281126e-01;4.480464e-01
687364617611667;2.508669e+00;-8.119233e-01;-4.031325e-01
687364819306251;2.382342e+00;1.537951e+00;-2.708192e-01
687365023302084;-2.215026e+00;-1.017296e+00;1.241659e-01
687365224552188;-1.513387e+00;-1.806556e-01;2.453615e-01
687365427543282;-1.031048e+00;1.693699e-01;3.406563e-01
687365629435521;2.274952e+00;-6.970807e-01;-3.337383e-01
687365832631928;2.574032e+00;1.065508e+00;-2.835252e-01
687366034315417;-1.992305e+00;-4.876762e-01;-9.770017e-02
687366237955105;-1.701044e+00;-4.480922e-01;3.204749e-02
687366439890782;-9.658076e-01;-5.530617e-02;4.292089e-02
687366643552865;1.034530e+00;-9.916627e-02;4.939606e-02
687366845060678;2.971460e+00;4.496346e-01;-1.464472e-01
687367047861511;-9.736266e-01;-6.947818e-02;-1.799226e-01
687367249970886;-1.754312e+00;-5.173643e-01;1.573969e-01
687367452925730;-1.365191e+00;-2.769279e-01;-3.404808e-02
687367654874480;8.192613e-01;-1.683161e-01;-7.558688e-02
687367858298594;3.201879e+00;-1.104061e-01;-1.113835e-01
687368060475834;8.731395e-01;6.363148e-01;4.548652e-02
687368263803699;-2.134270e+00;-1.185772e+00;1.677586e-02
687368465570417;-2.337443e+00;-2.610065e+00;2.540357e-01
687368668180782;-1.622976e+00;-8.837609e-01;5.625224e-01
687368870505209;5.640420e-01;-1.086690e+00;-4.551782e-01
687369073218334;2.350455e+00;-1.686437e+00;-2.206062e-01
687369275433230;-2.141997e-01;-9.298202e-01;3.185430e-01
687369478641876;-4.796815e-01;-1.925529e+00;-7.094429e-02
687369681060469;-1.354073e+00;-2.358266e+00;5.599567e-01
687369884054532;-8.189558e-01;-9.624403e-01;4.447477e-01
687370086080469;2.286558e+00;-1.505621e+00;-5.040475e-01
687370288500053;2.584905e+00;9.961141e-01;-2.477285e-01
687370491040469;-1.999391e+00;-7.768596e-01;1.548313e-01
687370693511459;-1.479178e+00;-3.739332e-01;3.222083e-01
687370895991251;-1.017365e+00;-7.314342e-02;2.443841e-01
687371098983959;1.053833e+00;-4.331871e-01;2.703839e-02
687371301643907;2.904631e+00;3.328373e-01;-3.229871e-01
687371504304324;-2.941006e-01;7.598317e-01;-2.351447e-01
687371706590001;-2.014296e+00;-1.223157e+00;1.528765e-01
687371908819219;-1.326462e+00;2.503705e-01;2.166278e-02
687372111576251;-1.521358e-01;6.894369e-02;2.588005e-01
687372313805001;2.773906e+00;-6.398050e-02;-3.493764e-01
687372516549792;1.778197e+00;1.568494e+00;-6.278086e-01
687372719326771;-2.356136e+00;-1.175266e+00;1.665369e-02
687372922228386;-1.468427e+00;9.323301e-03;4.915171e-02
687373124554428;-8.779653e-01;1.528765e-01;3.749869e-01
687373327099011;2.342147e+00;-7.141848e-01;-2.835252e-01
687373529137969;2.546176e+00;1.182917e+00;-3.774762e-01
687373732111824;-1.938549e+00;-8.104571e-01;-5.591703e-02
687373934098751;-1.540387e+00;-4.664181e-01;1.434692e-01
687374137108855;-8.710015e-01;-2.649550e-01;-2.012036e-02
687374339670469;-7.149865e-01;-7.241039e-02;4.715036e-01
687374542813959;1.920162e+00;-6.529763e-01;-3.686798e-01
687374744805157;-2.117563e-01;4.182362e-01;5.542146e-01
687374947608959;-1.193660e+00;-1.257999e-01;-2.504164e-01
687375149456824;9.245442e-02;-3.705124e-01;-1.220126e-01
687375352646667;-4.870119e-01;2.801579e-02;4.715036e-01
687375554391876;-3.047298e-01;-7.619545e-01;-1.035622e+00
687375757667813;1.435548e-03;1.020526e-01;-1.120776e+00
687375960013438;4.615174e+00;4.939857e+00;-5.226177e-01
687376163398438;3.894721e+00;-9.729471e-01;-3.062493e-01
687376365055834;1.409723e+00;-3.360817e+00;-7.145514e-01
687376568119063;1.851836e-01;-2.024024e-01;8.948328e-01
687376769775834;-1.920864e-01;2.795966e+00;-3.093037e-01
687376973181980;5.426617e-01;9.138918e-01;-2.160938e-03
687377174684740;2.526231e-01;1.633834e-01;4.683042e-02
