#time;x;y;z
527409273752306;4.137081e-02;2.563341e-01;2.267072e-02
527409476183140;-1.721875e-01;-8.048601e-01;-2.230191e-01
527409678682515;-1.878256e-01;-1.440037e+00;-5.361483e-01
527409881656213;-2.352287e-01;-1.955974e+00;-6.002891e-01
527410084302827;5.004509e-02;-2.021809e-01;1.724051e+00
527410286950223;8.303177e-02;1.973353e+00;1.812627e+00
527410489257827;-9.815834e-01;-7.655204e-01;1.309885e+00
527410691904702;-4.578278e-01;-4.314644e+00;1.969619e+00
527410894170848;1.100855e+00;-2.038074e+00;-9.384638e-01
527411096386577;1.094746e+00;-5.409666e-01;-7.213625e-01
527411299124598;2.159972e+00;-1.409128e+00;-1.125022e+00
527411501906160;1.739330e+00;1.146486e+00;2.724281e+00
527411704771785;1.431821e+00;-2.439641e-01;1.387709e+00
527411907107306;-4.204429e-01;8.482620e-01;3.058424e+00
527412109751004;-6.781057e-01;-6.241519e-02;1.509601e-02
527412312037567;4.958541e-01;-1.059835e+00;-2.248517e-01
527412514588088;-2.000429e-01;-1.225242e-01;1.380020e-01
527412716589858;1.946902e+00;3.488190e-01;4.204658e-01
527412919567463;-1.412243e+00;-6.824428e-01;-3.268661e-01
527413122157098;-1.282052e-01;-5.447383e-02;-1.163621e-01
527413325242046;-2.496452e-01;5.193879e-02;-1.437288e-01
527413527265588;5.546194e-01;8.233387e-01;3.519268e-01
527413730018817;1.358029e+00;-9.527962e-02;7.948112e-02
527413931894754;-1.794889e+00;-1.579544e-01;6.237693e-02
527414135038400;5.294518e-01;-1.066417e-01;-7.299070e-02
527414336807202;-4.668687e-01;4.547430e-01;-2.864193e-02
527414540039494;1.630352e+00;8.847917e-01;3.254153e-01
527414742415535;-6.689427e-01;-6.547096e-01;-2.170326e-01
527414945742671;-1.014203e+00;3.550498e-01;-2.353585e-01
527415147432150;1.047786e-01;4.315301e-01;-3.095176e-01
527415350443192;-4.779864e-01;1.445199e+00;3.884565e-01
527415552127723;1.753502e+00;1.476720e+00;-1.587561e-01
527415755486056;-5.040092e-01;5.947531e-01;-6.742038e-01
527415957012150;1.105207e-01;2.286008e-01;-1.283351e-01
527416160508608;-3.043786e-01;6.135679e-01;-3.442146e-01
527416362664494;-1.534171e+00;2.062294e+00;6.359865e-02
527416566238817;1.424735e+00;2.058752e+00;1.030605e-01
527416767589129;1.685696e+00;2.079643e+00;-8.522097e-01
527416970863296;-7.445678e-01;1.351126e+00;-5.238088e-01
527417172353192;5.601171e-01;1.808313e-01;-1.829463e-01
527417375930796;-8.018668e-01;7.940172e-01;-4.713967e-01
527417577210588;1.058781e-01;7.405208e-02;2.462548e-02
527417780975275;1.791009e+00;6.096583e-01;2.708040e-01
527417982909129;-9.775515e-01;-7.463393e-01;-6.363301e-01
527418186731525;-1.279685e+00;-4.250088e-02;-2.298608e-01
527418387741421;-3.083342e-02;4.811323e-01;-2.155592e-02
527418590881421;1.453400e-01;-2.135430e-01;3.548589e-01
527418792574129;2.059790e+00;3.227962e-01;2.821660e-01
527418995974025;-1.889939e+00;-4.293005e-01;-3.537441e-01
527419197405796;4.409985e-01;3.050812e-01;1.535179e-01
527419401229546;-5.236790e-01;-9.076076e-01;-2.358472e-01
527419602927775;9.554688e-01;4.320188e-01;3.693975e-01
527419806894233;1.072877e+00;9.789086e-03;-2.181322e-01
527420007783400;-1.909242e+00;8.314022e-01;8.009940e-03
527420211938608;5.421576e-01;-2.607017e-01;2.193766e-02
527420413000119;-3.920988e-01;5.500378e-01;5.113700e-02
527420616133400;1.248562e+00;7.860759e-01;2.601749e-01
527420817856785;-6.134761e-01;-2.925889e-01;-7.194077e-01
527421021448348;-9.005826e-01;4.832093e-01;-1.483714e-01
527421223401838;7.528834e-03;5.246259e-01;-3.729253e-01
527421427020067;-5.151269e-01;8.029358e-01;3.889452e-01
527421628282098;1.200548e+00;1.289184e+00;3.171153e-02
527421832043556;7.640238e-01;2.737911e+00;-1.524650e+00
527422033421785;-3.245371e-01;2.121915e+00;-2.178878e-01
527422236310848;-2.004095e-01;6.419119e-01;-3.494681e-01
527422438302410;-1.442420e+00;9.464891e-01;-4.522155e-01
527422641679650;2.793175e-02;3.954891e-01;8.925497e-02
527422843872358;2.614089e+00;1.291750e+00;-4.436634e-01
527423047159077;7.545709e-02;7.741031e-01;-7.627791e-01
527423248778140;-7.098706e-01;6.977606e-02;1.504636e-01
527423452161004;-1.482416e-01;5.455174e-01;-2.112905e-01
527423653842567;-1.899026e-01;-2.508058e-01;1.185765e-01
527423856500483;1.788811e+00;7.984154e-01;4.110585e-01
527424058746681;-8.732159e-01;-8.740100e-01;-4.596681e-01
527424261919702;-6.558702e-01;5.206089e-02;4.417314e-02
527424464342515;6.116279e-02;3.732537e-01;5.529088e-02
527424667306994;-1.018617e-02;-1.242346e-01;1.715996e-01
527424869272619;1.832426e+00;3.165653e-01;2.225457e-01
527425072285223;-1.586095e+00;-5.354687e-01;-2.035936e-01
527425274261785;-1.084133e-01;-7.292196e-02;-3.085401e-01
527425476696942;-2.475682e-01;6.330089e-02;-1.886810e-02
527425679191838;4.879129e-01;3.975660e-01;5.272450e-01
527425882166838;1.146670e+00;7.967202e-02;-2.949713e-02
527426084813765;-1.966053e+00;1.123395e+00;-2.299830e-01
527426287460900;4.506502e-01;3.391674e-01;-2.117792e-01
527426489767463;-7.168345e-01;5.632325e-01;5.675696e-02
527426692414598;1.459799e+00;1.163835e+00;3.295691e-01
527426894679963;-2.479348e-01;1.128038e+00;-1.432653e+00
527427096896994;4.845686e-02;1.131092e+00;6.457602e-02
527427299635796;-1.698662e-01;4.518108e-01;-4.970530e-01
527427502415796;-1.463311e+00;9.644485e-01;1.317711e-01
527427705283921;1.358762e+00;2.101268e+00;2.568763e-01
527427907617775;1.964129e+00;2.113119e+00;-7.599691e-01
527428110135796;-6.226392e-01;1.458516e+00;-9.402964e-01
527428312179754;6.683623e-01;6.745321e-01;-1.345659e-01
527428515127567;-1.087629e+00;4.438697e-01;-5.051163e-01
527428717118296;2.638478e-01;1.260978e-01;1.411861e-02
527428920103921;1.696570e+00;7.589536e-01;2.277991e-01
527429122677358;-1.210413e+00;-6.874519e-01;-2.993772e-01
527429325781056;-1.048534e+00;-5.826118e-02;-4.705414e-01
527429527787723;9.610428e-02;-1.462258e-01;-2.399937e-02
527429730556994;5.207621e-03;-3.829969e-01;1.597488e-01
527429932416890;1.832548e+00;6.795412e-01;3.641441e-01
527430135574233;-1.031308e+00;-3.960695e-01;-4.992521e-01
527430337327827;-2.822653e-01;1.164460e-01;-4.573861e-03
527430540572567;-3.468948e-01;7.251117e-01;-2.530736e-01
527430742931213;2.352593e-01;-1.170264e-01;3.400760e-01
527430946276942;1.910983e+00;6.191878e-01;3.321348e-01
527431147948817;-1.950781e+00;-2.869689e-01;-3.828213e-01
527431350976004;5.039176e-01;3.714211e-01;6.872991e-02
527431552645588;-5.245342e-01;-7.027235e-01;-2.275395e-01
527431756018817;3.542557e-01;5.755720e-01;4.860727e-01
527431957530692;1.116982e+00;3.573711e-01;-2.779969e-01
527432161040275;-1.833861e+00;8.145422e-01;-3.563098e-01
527432363180588;9.415412e-01;8.248198e-02;-9.339360e-02
527432566770848;-9.635017e-01;3.190242e-02;-2.887481e-01
527432768104858;3.815003e-01;1.787772e+00;3.449630e-01
527432971393400;1.441717e+00;2.145128e+00;-1.163140e+00
527433172869181;-5.205025e-01;1.833342e+00;-1.125748e-01
527433376460483;5.989683e-01;3.752084e-01;-9.498180e-02
527433577728817;-1.553475e+00;2.087584e+00;-6.853215e-01
527433781505640;-8.821346e-01;4.237111e-01;1.012279e-01
527433983426473;2.553002e+00;1.174586e+00;-3.607080e-01
527434187262931;1.531392e+00;1.373728e+00;-8.242321e-01
527434388259285;-9.614248e-01;9.631046e-01;1.455767e-01
527434591411733;-9.534074e-02;4.047001e-03;-2.097022e-01
527434793090900;-8.260571e-01;-7.128639e-01;-4.469621e-01
527434996501733;-3.865246e-02;-2.836703e-01;2.964602e-01
527435197923608;2.312932e+00;6.563284e-01;2.803335e-01
527435401755431;-1.435334e+00;-6.130486e-01;-2.854495e-01
527435603447098;-9.130897e-02;2.273791e-01;-2.326708e-01
527435807420848;-1.863596e-01;4.169143e-03;-1.593594e-02
527436008668140;6.620094e-01;1.629940e-01;4.737332e-01
527436211638035;1.026574e+00;-1.882532e-01;-7.531198e-02
527436413526681;-2.067456e+00;3.230405e-01;-3.853793e-02
527436616703088;4.376999e-01;-9.774902e-01;-2.169104e-01
527436818381629;-4.546514e-01;6.146825e-02;-8.752928e-02
527437022003400;1.314291e+00;9.676249e-01;3.172297e-01
527437223931629;4.500392e-01;-3.129919e-01;-2.313268e-01
527437427576213;-1.786214e+00;3.218188e-01;-1.473940e-01
527437629076838;4.995194e-01;-1.395063e-01;-4.990001e-02
527437831861160;-3.275915e-01;5.353771e-01;1.986074e-02
527438033962202;8.877850e-01;1.660712e+00;2.138714e-01
527438236900900;4.668992e-01;8.767283e-01;-9.153731e-01
527438438841525;-6.017475e-01;1.579834e+00;5.431350e-02
527438642250900;4.096000e-01;2.261729e-02;-1.294346e-01
527438844417358;-1.636308e+00;1.705428e+00;-1.360319e-01
527439047730640;1.117592e+00;1.436280e+00;2.429485e-01
527439249486942;2.213606e+00;2.877188e+00;-9.879438e-01
527439452082931;-5.038871e-01;1.950995e+00;-5.607051e-01
527439654397775;5.836966e-01;6.162557e-01;-4.434191e-01
527439857097098;-5.153713e-01;8.001260e-01;-5.461665e-01
527440059301317;-4.060723e-02;2.441169e-01;-9.180533e-02
527440262496525;1.976957e+00;-3.993525e-02;1.884594e-01
527440464903088;-1.370582e+00;-8.303943e-01;-3.355404e-01
527440667884129;-3.310123e-01;-8.675348e-01;-4.586830e-02
527440869898817;-3.057225e-01;2.967733e-01;-3.218494e-02
527441072305327;2.640921e-01;2.965290e-01;2.946277e-01
527441274834285;1.746050e+00;5.336667e-01;-6.553815e-02
527441477292358;-2.034592e+00;-2.770730e-01;5.406914e-02
527441679760067;4.796051e-01;-2.543488e-01;-1.809916e-01
527441882740535;-3.433518e-01;-4.033998e-01;4.759400e-02
527442085388035;1.697059e+00;6.652469e-01;3.781940e-01
527442288035952;-6.875129e-01;-6.942936e-01;-3.630293e-01
527442490309390;-1.018479e+00;-3.628383e-01;2.193692e-01
527442692526421;2.259741e-01;5.291617e-02;-1.632765e-01
527442895271473;-2.008981e-01;2.614654e-01;2.214461e-01
527443097487723;1.787589e+00;6.887041e-01;5.370264e-02
527443300220275;-1.251341e+00;-2.245386e-01;-3.239339e-01
527443502985275;1.860236e-01;5.614000e-01;-3.714592e-01
527443705874129;-8.856776e-01;1.068295e+00;-3.897851e-01
527443908187983;-8.336779e-02;1.061698e+00;6.988980e-01
527444110720067;2.036577e+00;1.754785e+00;-8.616170e-01
527444312747098;-1.597258e-01;2.534493e+00;-1.319643e+00
527444515708452;-8.678866e-02;1.203556e-01;-4.037052e-02
527444717683400;-9.848819e-01;1.736337e+00;-3.873417e-01
527444920681317;-1.136010e+00;7.332973e-01;3.489563e-03
527445123230640;1.914893e+00;1.340619e+00;-2.178878e-01
527445326361056;1.767675e+00;1.532308e+00;-7.087787e-01
527445528340535;-1.245721e+00;6.547400e-01;-3.505676e-01
527445731131577;2.001956e-01;-3.024849e-01;9.890661e-02
527445932967775;-7.766992e-01;-2.990642e-01;-3.647397e-01
527446136145223;1.687972e-01;3.772853e-01;2.276769e-01
527446337878504;2.000780e+00;7.462476e-01;3.199175e-01
527446541141890;-1.941863e+00;-1.005468e+00;-1.580231e-01
527446743475327;2.818072e-01;-7.963080e-01;-1.240590e-01
527446946847515;-3.665646e-01;1.928043e-01;-3.853793e-02
527447148493556;1.017288e+00;6.983559e-01;2.898629e-01
527447351543765;1.329684e+00;3.238957e-01;-3.169624e-02
527447553188713;-2.120724e+00;-2.531270e-01;-6.643203e-04
527447756582150;5.408138e-01;-4.820791e-01;8.254305e-03
527447958074369;-6.055349e-01;8.200861e-03;-4.513526e-02
527448161602806;1.449047e+00;1.177274e+00;6.579701e-01
527448363721035;-9.668460e-02;-5.289936e-01;-5.748771e-01
527448567334056;-1.337962e+00;7.643292e-01;-8.533017e-02
527448768646608;1.204932e-02;5.901107e-01;-2.143448e-01
527448971956348;-2.834870e-01;9.200997e-01;2.268217e-01
527449173411296;1.812634e+00;1.267560e+00;-2.726213e-01
527449377021556;-1.268812e+00;9.646928e-01;-7.461636e-01
527449578269265;7.555940e-01;1.933036e+00;7.471638e-02
527449782063223;-1.379501e+00;1.102382e+00;-6.990049e-01
527449983965306;-2.765231e-01;1.127916e+00;2.926729e-01
527450187820671;2.647930e+00;2.597412e+00;-1.955302e-01
527450388798275;7.554715e-01;1.992534e+00;-7.917341e-01
527450591967911;-1.406669e-01;2.646419e-01;-3.741470e-01
527450793632494;-3.960083e-01;1.121441e+00;-1.724394e-01
527450997059421;-2.090837e-01;7.340304e-01;-3.159927e-01
527451198465671;1.647945e+00;4.255437e-01;3.359221e-01
527451402309317;5.309939e-02;-2.906342e-01;-3.902739e-01
527451603990619;-1.796355e+00;-2.779281e-01;-3.709705e-01
527451807975098;5.059946e-01;-3.684583e-01;1.207756e-01
527452009210411;-6.754178e-01;3.242622e-01;-9.058363e-02
527452212189525;1.509279e+00;9.313396e-01;4.606607e-01
527452414069369;-1.572824e-01;-5.696772e-01;-2.023718e-01
527452617254369;-1.381577e+00;-2.427424e-01;-1.371315e-01
527452818926869;2.224311e-01;-3.497658e-01;-2.363282e-02
527453022554786;-9.008727e-02;8.278591e-01;1.332372e-01
527453224477754;1.895468e+00;4.322631e-01;5.924853e-01
527453428128171;-1.645960e+00;-7.842129e-01;-4.522155e-01
527453629623588;5.449677e-01;3.496744e-01;5.443567e-02
527453832411973;-6.190961e-01;-2.112218e-01;-9.876919e-02
527454034507390;5.610945e-01;1.482828e+00;3.486281e-01
527454237450671;1.395780e+00;2.989725e-01;-4.586831e-02
527454439387546;-2.077719e+00;-3.768883e-01;-2.959563e-01
527454642799733;4.661661e-01;3.486969e-01;-2.191096e-01
527454844964369;-7.920930e-01;1.034958e-01;-3.653505e-01
527455048280775;9.976948e-02;9.004298e-01;6.017705e-01
527455250035879;1.959608e+00;1.815017e+00;-9.572784e-01
527455452634317;-1.207527e-01;3.276449e+00;-1.671257e+00
527455654946921;-5.167152e-01;3.802175e-01;-6.712642e-02
527455857647650;-4.947241e-01;1.180206e+00;-2.119014e-01
527456059848900;-1.416885e+00;1.740369e+00;-4.142197e-01
527456263045671;2.239506e+00;1.160903e+00;-8.129846e-02
527456465452025;1.448437e+00;1.178007e+00;-6.815341e-01
527456668433900;-1.649869e+00;6.334819e-01;-1.747607e-01
527456870447546;3.910298e-01;-2.520275e-01;-1.063439e-01
527457072855619;-7.093819e-01;-4.136623e-01;-4.264370e-01
527457275384890;-1.354135e-01;1.915824e-01;4.837514e-01
527457477844004;2.281533e+00;6.768534e-01;2.457585e-01
527457680311713;-1.716087e+00;-5.537947e-01;-2.981554e-01
527457883292442;-1.234405e-01;1.282968e-01;-1.230816e-01
527458085940202;-5.415163e-01;-7.438958e-01;-2.194761e-01
527458288587858;3.937176e-01;3.397935e-02;2.130162e-01
527458490860775;1.941527e+00;1.962250e-01;-2.851976e-02
527458693077806;-2.040456e+00;3.826609e-01;1.096578e-01
527458895822858;5.571849e-01;2.371529e-01;-4.208092e-02
527459098040150;-4.679682e-01;-2.991863e-01;-2.655353e-01
527459300773483;7.503405e-01;5.511374e-01;2.805778e-01
527459503538692;1.209222e+00;4.907839e-01;-6.969204e-02
527459706428379;-2.187552e+00;7.567545e-01;-2.970559e-01
527459908742129;5.762439e-01;2.163836e-01;-2.065257e-01
527460111274525;-7.015629e-01;3.644572e-01;-5.246565e-02
527460313300619;1.126755e+00;1.926683e+00;1.792964e-01
527460516261869;4.865690e-01;1.047648e+00;-7.731638e-01
527460718236817;-9.798728e-01;1.470000e+00;-7.897718e-02
527460921235254;5.229766e-01;-1.120172e-01;-1.681634e-01
527461123784317;-1.356654e+00;6.994554e-01;2.340375e-02
527461326915515;3.103957e-01;1.204030e+00;3.434969e-01
527461528895827;1.921979e+00;2.395216e+00;-6.742038e-01
527461731687754;4.012924e-01;2.259726e+00;-1.136750e+00
527461933523900;3.406945e-01;4.812545e-01;-3.889300e-01
527462136701921;-6.795718e-01;8.034245e-01;-1.729282e-01
527462338434056;1.132085e-01;7.715374e-01;-1.213712e-01
527462541697546;1.524550e+00;5.352549e-01;5.751368e-01
527462744031192;-6.851916e-01;-5.364461e-01;-5.534969e-01
527462947404577;-1.186712e+00;7.545554e-01;-2.988885e-01
527463149049681;-5.978842e-02;-5.719984e-01;-2.937497e-02
527463352100411;-1.952782e-01;-8.086323e-02;1.481423e-01
527463553746817;2.101573e+00;5.165624e-01;5.125842e-01
527463757141400;-1.608086e+00;-3.985129e-01;-3.583867e-01
527463958632181;4.165639e-01;3.841271e-01;1.349477e-01
527464162161348;-6.448746e-01;-5.757858e-01;-4.285140e-01
527464364278744;3.135721e-01;1.424689e-01;4.033616e-01
527464567893796;1.847209e+00;7.898632e-01;3.289584e-01
527464769204161;-1.905211e+00;-3.790874e-01;-5.644923e-01
527464972514108;4.824152e-01;8.223770e-02;7.728203e-02
527465173969108;-7.407804e-01;-1.976605e-01;-4.855687e-01
527465377579838;5.816196e-01;3.429548e-01;5.417836e-01
527465578829473;8.475902e-01;1.064279e-01;-2.411007e-01
527465782624108;-1.982913e+00;6.300611e-01;-3.425042e-01
527465984526192;8.918167e-01;-3.276525e-01;-1.337031e-02
527466188383015;-6.643002e-01;-1.073595e-02;3.782015e-02
527466389359577;1.155832e+00;1.430661e+00;1.748982e-01
527466592529733;1.138973e+00;2.074023e+00;-1.360205e+00
527466794192754;-1.115973e+00;2.102978e+00;-2.015166e-01
527466997620202;2.925584e-01;-4.885388e-02;-5.135463e-01
527467199026452;-9.781624e-01;1.720577e+00;-4.500164e-01
527467402870567;-8.800576e-01;7.929177e-01;7.691550e-02
527467604551921;1.300730e+00;9.334166e-01;-2.764086e-01
527467808537025;2.161927e+00;1.297492e+00;2.089844e-01
527468009773796;-1.596037e-01;-1.720042e-01;-4.200840e-01
527468212753431;-9.492073e-01;7.841212e-01;-2.224082e-01
527468414633796;-1.739436e-02;2.233475e-01;-2.905807e-01
527468617819056;-5.292990e-01;3.987877e-01;1.656207e-02
527468819489733;2.050993e+00;1.017227e+00;4.698237e-01
527469023118171;-7.762105e-01;-4.400517e-01;-2.836169e-01
527469225041661;-5.296654e-01;-1.286328e-01;-4.952204e-01
527469428692390;-2.612515e-01;4.277583e-02;-2.425668e-01
527469630187494;1.376431e-01;-1.079856e-01;2.679940e-01
527469832976713;1.905364e+00;5.256032e-01;3.590128e-01
527470035073796;-1.973017e+00;-4.944187e-01;-1.269912e-01
527470238017181;5.529851e-02;2.893208e-01;-1.429958e-01
527470439954577;-8.413287e-01;-2.385885e-01;-4.330344e-01
527470643367129;4.422203e-01;3.240179e-01;6.017704e-01
527470845531921;1.583560e+00;3.626246e-01;-2.778670e-02
527471048848223;-1.644860e+00;9.286518e-01;-1.085430e-01
527471250602233;8.197348e-01;5.768089e-02;8.888844e-02
527471453200827;-6.988750e-01;3.370904e-01;-1.064661e-01
527471655513796;1.222905e+00;1.558820e+00;7.251727e-02
527471858215306;2.185215e-01;6.090474e-01;-8.274087e-01
527472060418379;-7.328392e-01;1.028223e+00;1.133230e-01
527472263615150;6.772810e-01;1.078940e-01;-1.125747e-01
527472466021661;-1.387564e+00;1.084667e+00;-1.021900e-01
527472669004056;-6.544041e-01;9.484438e-01;1.619479e-01
527472871018015;2.665646e+00;2.162965e+00;-2.830060e-01
527473073425671;8.657939e-01;2.509081e+00;-1.288489e+00
527473275954525;-4.375471e-01;1.601458e+00;-2.119014e-01
527473478413952;4.304917e-01;4.582860e-01;-6.382771e-02
527473680881661;-1.048412e+00;8.823483e-01;-7.357789e-01
527473883862650;8.229873e-02;1.692248e-01;-7.213549e-02
527474086510879;1.785023e+00;3.345248e-01;2.695822e-01
527474289159577;-1.586263e-01;-1.913076e-01;-3.991925e-01
527474491433275;-1.806495e+00;-1.596648e-01;-5.845212e-02
527474693650827;3.535227e-01;1.483332e-01;-2.528293e-01
527474896396661;-5.686387e-01;-1.814115e-01;8.387934e-02
527475098613431;2.081659e+00;5.515039e-01;5.845441e-01
527475301345983;-7.255087e-01;-6.263654e-01;-3.719479e-01
527475504111192;-6.873908e-01;-4.848738e-02;-8.679625e-02
527475707001140;-2.111606e-01;-5.234958e-01;-1.059774e-01
527475909315098;2.366032e-01;-1.343750e-01;3.581576e-01
527476111847806;1.846476e+00;7.574875e-01;-1.825798e-01
527476313875358;-1.829463e+00;-2.076788e-01;-1.969963e-01
527476516837754;4.865690e-01;1.763109e-01;-1.095204e-01
527476718812911;-6.079783e-01;2.009898e-01;-7.518982e-02
527476921811348;8.328071e-01;7.149714e-01;6.919342e-01
527477124360775;5.195558e-01;1.885281e-01;-3.690158e-01
527477327492442;-2.251938e+00;8.891900e-01;-3.905182e-01
527477529471817;5.410583e-01;4.553539e-01;-1.966297e-01
527477732263640;-4.570948e-01;-3.178787e-01;1.902920e-01
527477934099942;5.724566e-01;1.890642e+00;5.602393e-02
527478137278327;1.122601e+00;1.742446e+00;-1.220195e+00
527478339011713;-6.030914e-01;2.780305e+00;-3.621741e-01
527478542275671;5.059946e-01;2.211483e-01;-2.527072e-01
527478744609733;-1.448162e+00;1.474643e+00;-5.128133e-01
527478947983223;-1.046457e+00;8.449634e-01;2.464916e-01
527479149628744;1.681420e+00;1.261084e+00;-1.944306e-01
527479352679994;1.891069e+00;4.834536e-01;-3.852648e-01
527479554325254;-1.131001e+00;8.874797e-01;-4.270480e-01
527479757719942;-9.558512e-02;-2.002261e-01;-5.299175e-01
527479959210827;-3.888001e-01;5.368431e-01;-1.276020e-01
527480162739994;2.060599e-01;-4.871660e-03;2.739804e-01
527480364858327;1.901698e+00;3.864483e-01;1.378798e-01
527480568473483;-1.860618e+00;3.566381e-01;6.213257e-02
527480769785723;4.638448e-01;2.958115e-02;1.344590e-01
527480973096348;-5.964941e-01;-3.903273e-01;-5.892935e-01
527481174551400;1.366581e+00;6.162555e-01;5.311545e-01
527481378162598;4.786277e-01;-6.388117e-02;-2.231413e-01
527481579410411;-1.827997e+00;7.511346e-01;-3.076850e-01
527481783205306;9.226043e-01;-6.069399e-01;2.051971e-01
527481985107390;-4.143343e-01;-1.388954e-01;8.693368e-02
527482188964265;1.551428e+00;4.734354e-01;1.518075e-01
527482389941869;-6.050462e-01;-3.103040e-01;-3.365177e-01
527482593112546;-1.144440e+00;6.740434e-01;-1.872224e-01
527482794777129;-7.481556e-02;1.323286e-01;-2.257069e-01
527482998205098;-4.017504e-01;7.384285e-01;4.857062e-01
527483199611348;1.532736e+00;1.494679e+00;-1.630322e-01
527483403455931;-4.990001e-01;8.977420e-01;-9.697401e-01
527483605137338;2.302502e-01;1.014417e+00;3.028133e-01
527483809122338;-3.335779e-01;9.799645e-01;-5.770763e-01
527484010358223;-1.486035e+00;1.187781e+00;1.827173e-01
527484213338327;1.429133e+00;1.796324e+00;1.188208e-01
527484415218744;1.571587e+00;2.236758e+00;-7.260051e-01
527484618404629;-1.820835e-01;2.108720e+00;-5.229536e-01
527484820076765;5.320174e-01;1.736230e-01;-1.962632e-01
527485023705515;-6.686983e-01;5.108203e-01;-4.787270e-01
527485225628640;1.301905e-01;2.075871e-01;-6.627118e-02
527485429279577;1.821919e+00;4.002539e-01;1.338481e-01
527485630775619;-2.044244e+00;-9.552551e-01;-3.439703e-01
527485833564942;1.250593e-01;1.081857e+00;-2.067701e-01
527486035660879;-5.872090e-01;-4.650971e-01;-1.341993e-01
527486238604681;9.623105e-01;1.001589e+00;3.521712e-01
527486440542181;8.676262e-01;-5.398521e-02;2.166814e-01
527486643955098;-2.024818e+00;-2.769508e-01;-1.267468e-01
527486846119942;9.282243e-01;-2.670548e-01;6.811905e-02
527487049436869;-1.614363e-01;1.774104e-01;-1.323668e-01
527487251192494;2.062844e+00;9.032399e-01;8.205822e-01
527487453791452;-1.709245e+00;-9.000328e-01;-5.749993e-01
527487656104577;3.558440e-01;-7.170020e-02;-8.679623e-02
527487858805983;-2.244775e-01;2.375195e-01;8.864411e-02
527488061008119;8.152142e-01;5.934092e-01;5.370189e-01
527488264205411;1.289688e-01;-1.892152e-02;-5.684019e-01
527488466612442;-1.728549e+00;1.456561e+00;-2.044488e-01
527488669595150;8.351285e-01;-8.611817e-01;-2.527071e-01
527488871609317;-6.410873e-01;4.653720e-01;3.041572e-01
527489074017911;9.035454e-01;2.097603e+00;5.883391e-02
527489276547702;1.163407e+00;1.977507e+00;-1.395268e+00
527489479007129;-1.269835e-01;2.946338e+00;1.466763e-01
527489681475046;-5.919737e-01;6.424007e-01;-5.414017e-01
527489884456556;-1.229717e+00;6.794190e-01;-3.726810e-01
527490087105306;-1.131779e-01;3.165654e-01;2.230343e-01
527490289753483;2.377928e+00;1.784596e+00;-5.223428e-01
527490492026661;8.701921e-01;1.441656e+00;-8.276531e-01
527490694244213;-9.429764e-01;3.358687e-01;-1.373758e-01
527490896989786;2.886488e-01;2.139401e-01;1.011057e-01
527491099207858;-5.823221e-01;-3.199557e-01;-1.150182e-01
527491301941973;5.448456e-01;5.062999e-01;1.555949e-01
527491504707390;1.567066e+00;2.204152e-01;-6.431642e-02
527491707597390;-2.447903e+00;-7.072284e-02;-8.777362e-02
527491909911661;5.428908e-01;-1.309541e-01;1.238299e-01
527492112444577;-5.658288e-01;-3.511098e-01;-1.486158e-01
527492314471504;1.713674e+00;1.015883e+00;4.826518e-01
527492517433483;-1.100014e-01;-4.734049e-01;-2.745761e-01
527492719408952;-1.620914e+00;-3.529272e-02;-3.421377e-01
527492922407911;7.283492e-01;-3.679696e-01;2.273104e-01
527493124957494;-4.115243e-01;-4.587442e-01;3.586540e-02
527493328089525;1.412151e+00;1.270370e+00;1.329929e-01
527493530070150;-3.038900e-01;-3.904495e-01;-1.797698e-01
527493732862442;-1.181825e+00;1.008431e+00;-2.474537e-01
527493934699108;-2.121381e-01;4.194350e-01;-1.385976e-01
527494137877650;-1.049924e-01;8.913891e-01;4.110585e-01
527494339610306;1.628642e+00;1.583743e+00;-4.643107e-01
527494542874317;-8.298444e-01;5.794815e-01;-4.287583e-01
527494745208483;6.270679e-01;2.169945e-01;-4.199827e-04
527494948582390;-1.099480e+00;8.199179e-01;-4.871570e-01
527495150228431;-1.153114e+00;1.005132e+00;1.766086e-01
527495353279786;2.685193e+00;2.018435e+00;-3.267363e-02
527495554926296;1.223150e+00;3.332771e+00;-1.308404e+00
527495758321296;-6.947212e-01;1.343307e+00;-4.150750e-01
527495959812598;1.705077e-01;3.337917e-01;-3.305313e-01
527496163342286;-5.927068e-01;6.127126e-01;-3.818439e-01
527496365460671;9.366084e-02;2.045328e-01;-3.670534e-02
527496569076296;2.075795e+00;2.160170e-01;1.954233e-01
527496770387181;-1.819079e+00;-3.839743e-01;-4.084776e-01
527496973697650;-4.077457e-03;4.658608e-01;-2.490419e-01
527497175153171;-5.510458e-01;-1.169057e+00;-1.790368e-01
527497378764421;6.712946e-01;1.160796e-01;4.380587e-01
527497580014577;1.026329e+00;1.975689e-01;-1.283350e-01
527497783809733;-1.984379e+00;1.072831e-01;-1.035339e-01
527497985711817;5.780765e-01;-4.429839e-01;5.138136e-02
527498189569161;-1.381012e-01;-9.237343e-01;3.317759e-02
527498390546765;1.858816e+00;6.802742e-01;2.613966e-01
527498593717442;-1.304242e+00;-4.282009e-01;-3.549658e-01
527498795380983;1.578017e-01;-1.974162e-01;-2.062814e-01
527498998808952;-2.406043e-01;2.264019e-01;-3.609447e-02
527499200215723;6.778919e-01;6.288394e-01;4.044612e-01
527499404060358;7.147881e-01;4.081950e-01;-3.690158e-01
527499605742233;-1.861473e+00;1.386190e+00;-1.194165e-01
527499809727858;8.688482e-01;-3.661370e-01;-1.006018e-01
527500010965150;-4.465880e-01;4.377609e-01;2.704374e-01
527500213945306;8.723912e-01;1.633101e+00;-2.316934e-01
527500415826192;5.161349e-01;2.054598e+00;-1.246462e+00
527500619011973;-2.847087e-01;1.575436e+00;-1.814803e-01
527500820683171;2.088699e-01;6.641474e-01;-1.979736e-01
527501024312025;-1.404424e+00;1.607200e+00;-6.041986e-01
527501226235619;-6.168970e-01;2.645197e-01;1.365359e-01
527501429886973;2.216172e+00;1.735849e+00;-1.856341e-01
527501631383015;1.512089e+00;1.676473e+00;-1.014578e+00
527501834172754;-1.002964e+00;3.254840e-01;7.813723e-02
527502036270358;1.537699e-01;-2.229503e-01;-2.442772e-01
527502239214265;-3.263697e-01;6.733260e-02;-3.371286e-01
527502441152181;-2.913061e-01;4.619512e-01;1.894368e-01
527502644565254;1.539211e+00;8.153975e-01;2.660392e-01
527502846730567;-1.131489e+00;-4.861109e-01;-3.222235e-01
527503050046743;-6.498837e-01;-4.506656e-02;-2.143448e-01
527503251801274;-8.092430e-02;2.322815e-02;-1.227151e-01
527503454401067;-1.079704e-02;9.494364e-02;2.080071e-01
527503656714556;1.972192e+00;6.762425e-01;1.933463e-01
527503859416587;-1.088973e+00;-1.222799e-01;-1.152625e-01
527504061620181;-3.922210e-01;-4.710836e-01;-4.966865e-01
527504264817473;-3.861123e-01;7.147271e-01;-2.756757e-01
527504467224504;-1.840383e-01;1.320949e+00;5.911415e-01
527504670207421;1.383807e+00;1.094196e+00;9.890663e-02
527504872221900;-8.410844e-01;6.246855e-01;-7.027921e-01
527505074630077;4.014909e-02;1.273195e-01;-1.156291e-01
527505277159452;-1.034041e-01;7.908407e-01;-4.186179e-01
527505480129504;-1.398071e+00;2.872438e-01;2.174144e-01
527505682777317;2.463205e+00;1.696875e+00;-4.207334e-03
527505885426275;7.813723e-01;3.505524e+00;-1.599297e+00
527506087739817;-8.832340e-01;1.518869e+00;-4.089663e-01
527506290389035;2.064265e-01;3.425882e-01;-2.632140e-01
527506492661692;-6.611237e-01;1.413312e+00;-5.680354e-01
527506694879400;2.505309e-01;8.147867e-01;2.609156e-02
527506897623150;2.281656e+00;6.388575e-01;1.075809e-01
527507100416587;-1.767155e+00;-5.608807e-01;-3.462916e-01
527507303270806;7.704530e-02;1.417359e-01;-3.340743e-01
527507505620806;-5.082853e-01;-1.613752e-01;-2.103131e-01
527507708256692;3.206953e-04;-3.308291e-01;4.094703e-01
527507910556483;1.968527e+00;3.818057e-01;-4.269182e-02
527508113100337;-1.704847e+00;-4.982060e-01;-1.886041e-03
527508315114608;2.334267e-01;5.824137e-01;-8.508579e-02
527508518086587;-5.818334e-01;-7.562352e-01;-1.979736e-01
527508720693827;1.388648e-01;-1.700495e-01;1.530293e-01
527508923763254;2.011654e+00;9.200998e-01;2.291507e-02
527509125806171;-1.777540e+00;-2.833038e-01;-1.365206e-01
527509328773306;-3.804162e-02;5.988001e-02;-1.015792e-01
527509530715546;-1.902691e-01;5.804744e-02;-1.647426e-01
527509733538827;2.769203e-01;7.405207e-02;5.511909e-01
527509935341692;1.792231e+00;1.100794e+00;3.193066e-01
527510138548514;-1.342360e+00;3.263544e-02;-1.019953e+00
527510340964348;-3.326007e-01;-3.774990e-01;-3.846539e-01
527510544252785;3.672061e-01;4.366615e-01;-1.275155e-03
527510745985077;-9.443204e-01;4.015977e-01;3.907778e-01
527510949287994;2.680016e-01;1.204030e+00;2.524780e-01
527511150869869;1.554727e+00;1.963701e+00;-8.148248e-01
527511353976952;-3.245372e-01;2.534127e+00;-4.099437e-01
527511555565025;6.759371e-01;6.973784e-01;-2.009058e-01
527511759010233;-5.229460e-01;1.170554e+00;-6.933849e-01
527511960449608;4.522384e-01;-3.635715e-01;3.006141e-01
527512164024921;-1.820789e+00;-1.099786e+00;3.464364e-02
527512366087889;-9.302707e-01;-1.428431e+00;-1.723425e+00
527512569760025;-7.239205e-01;-1.309068e+00;-1.051718e+00
527512771016535;4.555172e+00;6.158632e+00;-2.024826e+00
527512974377837;4.094947e+00;4.273762e-01;-2.553102e+00
527513175782421;7.909018e-01;-2.298669e+00;-4.940358e-03
527513379439348;-9.925026e-02;2.478171e+00;1.484959e+00
527513580641744;1.104275e+00;1.524245e+00;5.496026e-01
527513784477837;2.896263e-01;5.168068e-01;2.023488e-03
527513986334087;-2.599077e-01;-2.246608e-01;5.370265e-02
527514190237994;8.620828e-02;-1.300989e-01;4.392881e-02
527514391169244;-1.702785e-02;7.283034e-02;-1.202640e-02
