#time;x;y;z
527638346350815;-4.696786e-01;5.548025e-01;1.926980e+00
527638549768732;-3.679085e-01;-2.053712e+00;1.239513e+00
527638751373420;4.419759e-01;-1.349751e+00;5.272449e-01
527638954463732;-4.723664e-01;1.006232e+00;1.077145e+00
527639156072065;-3.084302e+00;-1.373942e+00;2.208589e+00
527639359501753;3.863709e-03;-3.501094e+00;-1.021900e-01
527639561745295;8.536988e-01;-1.683039e+00;-1.257946e+00
527639765235659;-2.088394e-01;-5.997166e-02;-1.103153e+00
527639966674357;-7.720566e-01;1.506545e-01;1.487532e-01
527640170297117;-1.338695e+00;2.029430e+00;1.860641e+00
527640371536180;-1.444497e+00;-7.657648e-01;3.772403e+00
527640574914045;-1.081689e-01;1.340130e+00;1.765223e+00
527640776304722;1.575252e+00;3.350135e-01;1.315268e-01
527640979976753;6.621315e-01;2.917643e-01;2.903516e-01
527641181166909;-7.190336e-01;-4.812240e-01;2.077627e-01
527641385016440;-4.000400e-01;5.230530e-02;-7.971022e-02
527641586859149;2.460105e-01;-6.876809e-02;-4.122575e-02
527641790778680;-1.543503e-01;-2.705978e-01;1.509599e-02
527641991695347;1.949468e+00;1.676366e-01;9.059887e-02
527642194922170;-1.212979e+00;-2.115883e-01;8.620805e-03
527642396532586;-9.925029e-02;-1.680947e-01;-6.162107e-03
527642600230242;-2.206902e-01;-4.779253e-01;6.579777e-02
527642802044722;1.505934e-01;3.577376e-01;1.399567e-01
527643005898992;1.652099e+00;1.135139e-01;-2.160552e-01
527643206908680;-1.768132e+00;4.179842e-02;1.758756e-01
527643410963211;1.031903e-01;9.579890e-02;-1.240590e-01
527643612132378;-4.430449e-01;-6.884292e-01;-8.642973e-02
527643815174982;1.258580e+00;7.423381e-01;3.040350e-01
527644016993576;4.220617e-01;-7.080991e-01;-5.038947e-01
527644220522534;-1.395872e+00;6.906588e-01;2.084958e-01
527644422535138;3.196808e-01;3.859597e-01;-1.748829e-01
527644626099201;-2.751793e-01;6.830842e-01;3.271257e-01
527644827422638;1.097678e+00;1.947330e+00;-4.046902e-01
527645031135555;4.991529e-01;6.384911e-01;-8.138474e-01
527645232571388;-3.789041e-01;9.775210e-01;1.180878e-01
527645435416857;5.216327e-01;-1.252120e-01;-2.237521e-01
527645637458211;-1.362641e+00;1.542571e+00;-7.237985e-02
527645840807742;3.260338e-01;1.009775e+00;4.049498e-01
527646043027951;2.565097e+00;1.661079e+00;-4.845914e-01
527646246291545;3.846768e-01;2.021367e+00;-1.203335e+00
527646447939722;1.613446e-01;1.329990e+00;-5.098811e-01
527646651302482;8.376484e-02;7.646958e-01;-2.183765e-01
527646853011076;3.794997e-02;5.501601e-01;-2.942459e-01
527647055651753;1.378920e+00;-1.694386e-01;2.513784e-01
527647257923472;1.234710e-01;-4.318660e-01;-3.170923e-01
527647461087951;-1.833373e+00;1.775326e-01;-5.368736e-02
527647663521597;4.975646e-01;4.254215e-01;6.836338e-02
527647866480138;-5.301542e-01;-8.135343e-01;-1.362763e-01
527648068458107;1.589424e+00;3.520105e-02;1.029383e-01
527648271465503;-1.845269e-01;-2.753626e-01;-3.243004e-01
527648473452482;-1.279197e+00;9.009187e-01;2.609079e-01
527648675883472;1.889558e-01;-7.496379e-01;-1.124526e-01
527648878389305;-2.912299e-02;2.237291e-02;2.308534e-01
527649081365347;1.569266e+00;1.416137e-01;-9.522618e-02
527649284014774;-8.952069e-01;-2.448193e-01;-1.492266e-01
527649486665295;-4.122573e-01;1.848629e-01;-1.146517e-01
527649688976492;-4.352258e-01;-8.398886e-04;-3.352883e-02
527649891626232;1.995848e-01;5.307345e-01;2.698266e-01
527650093895503;1.880318e+00;2.039219e-01;9.842560e-03
527650296114357;-1.410288e+00;6.281217e-02;-3.015763e-01
527650498856024;-3.730862e-02;-2.009592e-01;-2.415894e-01
527650701641753;-3.734063e-01;1.106658e+00;-4.012617e-02
527650904508992;-2.606865e-02;1.171287e+00;5.436162e-01
527651106848784;1.253204e+00;1.162857e+00;-7.928337e-01
527651309494201;3.155269e-01;2.944383e+00;-9.054772e-01
527651511785242;5.719680e-01;8.295697e-01;-1.505705e-01
527651714338159;-5.528784e-01;2.092593e+00;-4.376770e-01
527651916343888;-9.208633e-01;8.718415e-01;5.431351e-02
527652119323576;7.584039e-01;6.747764e-01;-9.547053e-02
527652321918055;2.279824e+00;2.674518e-01;-6.943623e-01
527652525003888;4.618902e-01;6.111243e-01;-4.578355e-01
527652727032274;-8.911752e-01;8.604793e-01;-3.132974e-02
527652930013107;7.203622e-02;1.280526e-01;-9.876920e-02
527653131943367;-1.939343e-01;3.520114e-02;1.657352e-01
527653334779565;1.979278e+00;1.628718e-01;-8.985057e-02
527653536572013;-1.864283e+00;-1.039539e-01;-1.586339e-01
527653739790659;1.876118e-01;8.541264e-01;6.921860e-02
527653942193159;-5.313759e-01;-4.927082e-01;-8.691841e-02
527654145498107;9.508262e-01;4.931052e-01;5.162494e-01
527654347215711;8.342732e-01;-3.955807e-01;-3.828213e-01
527654550532899;-2.119258e+00;5.466170e-01;1.079474e-01
527654752102065;6.017781e-01;-5.459602e-02;-1.779373e-01
527654955222274;-6.925220e-01;-5.004051e-01;-3.352883e-02
527655156799670;9.856455e-01;7.546775e-01;3.152749e-01
527655360256961;1.170004e+00;-3.867843e-01;-1.803807e-01
527655562467742;-1.847178e+00;1.730473e+00;-3.646100e-02
527655765992065;8.219338e-01;-4.555677e-01;-1.076878e-01
527655967398420;-5.997928e-01;7.049531e-01;9.841793e-02
527656170628888;1.464319e+00;1.019060e+00;1.254182e-01
527656372169097;-1.610698e-01;3.522398e-01;-1.028261e+00
527656575708367;-4.685791e-01;1.494557e+00;-3.279580e-02
527656777032951;4.286590e-01;-9.620425e-04;-2.271730e-01
527656980762847;-1.286160e+00;1.597060e+00;2.034944e-02
527657182742534;5.689136e-01;1.263161e+00;2.605414e-01
527657386524670;2.481531e+00;1.215392e+00;-6.569774e-01
527657587580399;3.827220e-01;2.154291e+00;-1.369856e+00
527657791604461;1.771049e-01;5.774047e-01;-3.622963e-01
527657992419045;-5.336972e-01;1.075015e+00;5.406916e-02
527658195739930;-1.850157e-01;6.944463e-01;-3.216127e-01
527658397257117;7.716748e-02;6.205317e-01;-2.235078e-01
527658601023576;2.012020e+00;1.196226e-01;-1.627878e-01
527658802777534;-1.887862e+00;1.962250e-01;1.709887e-01
527659006693367;2.954906e-01;3.802729e-03;8.839975e-02
527659207639878;-7.995455e-01;-9.594089e-01;-4.430525e-01
527659411749409;5.343387e-01;2.160170e-01;6.532053e-01
527659612862951;1.827783e+00;-6.485856e-02;-2.991329e-01
527659815955711;-2.006737e+00;5.328115e-01;1.570685e-02
527660017726492;7.524173e-01;2.999499e-01;1.514410e-01
527660221290347;-7.135358e-01;-9.121279e-01;-2.783634e-01
527660423272847;1.471405e+00;5.849792e-01;7.163687e-01
527660626867326;1.246928e-01;-8.081588e-01;-4.816592e-01
527660828160086;-1.579986e+00;1.188392e+00;7.654899e-02
527661031900190;4.159530e-01;-1.954614e-01;-9.901354e-02
527661233306336;-7.856179e-01;-3.633270e-01;5.138133e-02
527661436176649;1.861381e+00;3.318370e-01;1.729511e-02
527661638193524;-6.241052e-01;1.279303e-01;-3.830657e-01
527661841559513;-2.734688e-01;6.879874e-02;-5.771908e-02
527662043766388;-5.424936e-01;1.116554e+00;-1.813507e-02
527662247044357;3.416260e-02;9.780096e-01;4.056829e-01
527662448846076;1.608483e+00;7.843655e-01;-5.136685e-01
527662651409878;5.915155e-01;2.910663e+00;-1.628985e+00
527662853764097;-2.206902e-01;1.350393e+00;-6.969202e-02
527663056434045;-3.315471e-02;8.871130e-01;-2.523406e-01
527663258673940;-1.213101e+00;1.607078e+00;-5.818410e-01
527663461854670;8.628433e-03;1.202335e-01;4.136318e-02
527663664276128;2.710850e+00;1.258885e+00;-4.374326e-01
527663867247170;5.711128e-01;6.742877e-01;-6.983939e-01
527664069280086;-1.115240e+00;3.412443e-01;7.312813e-02
527664271678159;-3.291035e-02;3.817652e-04;-2.097022e-01
527664474223992;-3.552026e-01;4.745350e-01;3.301800e-01
527664676674253;1.673846e+00;-8.953749e-02;7.422769e-02
527664879157170;-1.889251e-01;-5.613695e-01;-3.225900e-01
527665082137899;-1.638263e+00;3.238957e-01;-1.219821e-01
527665284788107;6.306109e-01;-1.932623e-01;4.124101e-02
527665487438107;-1.297935e-01;-2.488510e-01;2.021428e-01
527665689715711;1.885938e+00;5.359880e-01;5.492438e-02
527665891935138;-1.028009e+00;-3.740783e-01;9.023234e-02
527666094684357;-1.124770e+00;4.156475e-01;-4.346226e-01
527666296904045;2.231641e-01;-7.903215e-01;2.040976e-01
527666499641545;1.308014e-01;-9.259184e-02;3.267592e-01
527666702413524;1.656742e+00;-2.117105e-01;-1.144073e-01
527666905298992;-2.089814e+00;2.813796e-01;-5.209913e-02
527667107621180;3.461923e-01;1.037264e+00;-1.048778e-01
527667310151701;-5.868425e-01;3.137554e-01;-2.369468e-01
527667512185347;5.603614e-01;1.401706e+00;3.202840e-01
527667715145138;1.546053e+00;7.764243e-01;-6.669955e-01
527667917127326;-8.415731e-01;1.419176e+00;-3.632736e-01
527668120126003;1.115149e+00;3.986657e-01;1.477758e-01
527668322684805;-1.183902e+00;1.692233e+00;-5.234424e-01
527668525808712;-7.621606e-01;1.295904e+00;3.978259e-03
527668727799025;2.582201e+00;1.373728e+00;1.077031e-01
527668930586941;1.382830e+00;2.372125e+00;-1.583659e+00
527669132432410;-1.192866e-01;1.421620e+00;-3.837987e-01
527669335606525;2.665356e-01;1.077214e+00;-2.882594e-01
527669537347618;-3.024238e-01;6.438667e-01;-2.929021e-01
527669740607983;8.490561e-01;-2.093892e-01;1.274951e-01
527669942951212;3.370294e-01;-3.935038e-01;-3.935725e-01
527670146318452;-2.081995e+00;9.419686e-01;6.237692e-02
527670347974181;6.723940e-01;-4.603323e-01;-7.115810e-02
527670551020639;-2.954600e-01;5.364921e-02;1.797851e-01
527670752676420;2.012753e+00;-3.171457e-01;1.703778e-01
527670956067150;-1.780105e+00;-5.693107e-01;-8.361217e-03
527671157566264;-1.091922e-02;-1.369405e-01;-2.381685e-01
527671361091681;-1.527620e-01;8.712462e-02;1.394680e-01
527671563219077;8.750789e-01;-4.885392e-02;3.311574e-01
527671766828816;1.004827e+00;-6.582093e-03;-3.104949e-01
527671968148764;-1.627512e+00;1.350881e+00;1.456989e-01
527672171878035;5.755109e-01;-7.112756e-01;-1.846568e-01
527672373010535;-2.882518e-01;2.651305e-01;3.386099e-01
527672576483816;1.690461e+00;7.583427e-01;1.339703e-01
527672777778556;-1.139797e+00;-3.634493e-01;-5.301618e-01
527672981537045;-4.439460e-02;1.314230e+00;-8.068760e-02
527673183484962;-7.488438e-01;8.822260e-01;-3.467803e-01
527673387299493;-1.345582e-01;1.180939e+00;7.238212e-01
527673588323452;2.083492e+00;1.455339e+00;-1.352752e+00
527673792377254;2.920697e-01;3.103941e+00;-1.004437e+00
527673993160587;5.847961e-01;2.805245e-01;-5.075525e-02
527674196507983;-1.052932e+00;2.068892e+00;-3.103727e-01
527674397999129;-9.880583e-01;4.814988e-01;1.448513e-02
527674601785014;1.566211e+00;8.745291e-01;-2.908251e-01
527674803521993;2.007744e+00;6.915141e-01;-6.178820e-01
527675007455483;-8.713832e-01;1.446421e+00;-4.944874e-01
527675208749233;-1.079245e-01;-1.691942e-01;-2.797073e-01
527675411682723;-1.498299e-01;-4.262308e-02;-2.447659e-01
527675613614129;-2.186132e-01;-1.980271e-01;2.951163e-01
527675816758295;1.940427e+00;1.274416e-01;3.680536e-01
527676018475379;-1.213101e+00;-3.707796e-01;-2.316933e-01
527676222075483;-7.543416e-01;2.882212e-01;-3.316232e-02
527676424026993;-1.407891e-01;5.939139e-02;-3.975967e-02
527676627653139;-9.086641e-03;2.140623e-01;1.498528e-01
527676828913868;2.394788e+00;7.126500e-01;1.915137e-01
527677032682827;-1.341993e+00;-7.347327e-01;-2.864194e-02
527677234061264;-6.150644e-01;-4.665468e-02;-1.596113e-01
527677436957098;2.634350e-02;2.915199e-01;4.160755e-02
527677638947410;2.705672e-01;6.544957e-01;3.441077e-01
527677842330014;1.645502e+00;1.259755e-01;-4.916698e-02
527678044524181;-1.926347e+00;-5.836049e-01;-7.128029e-02
527678247815639;2.450331e-01;1.155160e+00;-4.550178e-02
527678449434389;-4.818959e-01;2.314108e-01;-3.719402e-02
527678652821889;1.200059e+00;2.104933e+00;3.218723e-01
527678854504545;5.774201e-02;4.402044e-01;-1.340168e+00
527679057167723;-6.540830e-02;1.080146e+00;2.529667e-01
527679259416473;4.350120e-01;3.764301e-01;-3.365178e-01
527679462593660;-1.370949e+00;1.961624e+00;-7.139489e-03
527679665018712;7.678112e-01;9.053168e-01;2.528445e-01
527679867986733;2.317575e+00;2.134499e+00;-8.564857e-01
527680070023504;3.817446e-01;2.091250e+00;-1.291177e+00
527680272418556;-3.572030e-02;-2.625197e-02;-2.070144e-01
527680474966993;-4.678460e-01;1.011852e+00;-2.977932e-04
527680677415170;3.619395e-03;6.696606e-02;-2.624809e-01
527680879901108;1.639027e+00;1.769217e-01;2.566319e-01
527681082881316;-7.620384e-01;-6.602073e-01;-4.145862e-01
527681285531473;-1.186589e+00;1.003422e+00;-5.759692e-02
527681488182254;2.043495e-01;-7.341219e-01;-2.570978e-02
527681690460900;-1.952782e-01;-6.571375e-02;2.546771e-01
527681892680848;1.926255e+00;2.499812e-01;-2.125122e-01
527682095430848;-1.268201e+00;-5.904465e-01;-5.857428e-02
527682297649806;-3.389536e-01;-1.738368e-01;-1.221042e-01
527682500386785;-1.119562e-01;1.406364e-01;4.295141e-02
527682703160014;1.680641e-01;4.825984e-01;1.437441e-01
527682906044858;1.687895e+00;7.101327e-03;-4.770091e-02
527683108368504;-1.779617e+00;4.915170e-01;2.193764e-02
527683310898400;6.210814e-01;1.372156e-01;4.417315e-02
527683512934650;-4.617374e-01;-7.491493e-01;-4.195877e-02
527683715894441;1.014112e+00;7.739808e-01;4.452669e-01
527683917877670;7.924901e-01;-2.692539e-01;-3.991925e-01
527684120874129;-1.674670e+00;8.913891e-01;1.483867e-01
527684323434806;6.433169e-01;3.537059e-01;1.094212e-02
527684526559077;-5.566657e-01;6.544958e-01;-1.145295e-01
527684728550118;5.745335e-01;1.697120e+00;2.392833e-01
527684931336264;1.414106e+00;1.053024e+00;-1.555071e+00
527685133183191;-3.205054e-01;2.546955e+00;-9.145180e-01
527685336356212;7.125890e-01;5.710517e-01;1.724547e-01
527685538100014;-1.146150e+00;1.877447e+00;-7.251498e-01
527685741359754;-9.201304e-01;6.778308e-01;5.394699e-02
527685943705275;2.342132e+00;8.445968e-01;-3.933282e-01
527686147071160;1.865169e+00;1.431638e+00;-8.881286e-01
527686348728868;-1.130146e+00;1.731206e+00;-6.211731e-02
527686551774285;1.639103e-01;-3.552637e-01;-2.424369e-02
527686753430066;-8.523243e-01;-4.665632e-01;-5.635150e-01
527686956819233;5.956694e-01;4.711142e-01;4.457555e-01
527687158320014;1.532247e+00;1.843742e-01;-2.687118e-01
527687361844702;-2.385473e+00;-4.046216e-01;-3.291798e-02
527687563973348;6.599324e-01;-4.814682e-01;-9.461535e-02
527687767581837;-6.661327e-01;-7.567239e-01;-2.225304e-01
527687968904910;1.247707e+00;1.594509e-01;2.252335e-01
527688172210275;8.787442e-01;-2.741408e-01;-2.084805e-01
527688373675379;-1.741377e+00;4.281093e-01;3.657323e-01
527688577282150;5.532755e-01;-4.845226e-01;1.596266e-01
527688778539181;-6.049240e-01;9.164497e-02;3.965276e-02
527688982330014;1.060293e+00;5.351328e-01;8.290195e-02
527689184240952;7.520509e-01;9.653189e-02;-5.910040e-01
527689388092618;-1.768377e+00;1.185093e+00;-1.202716e-01
527689589079598;5.893165e-01;-3.419468e-01;-8.203150e-02
527689792246108;-4.694342e-01;3.662898e-01;2.620075e-01
527689993919025;1.332006e+00;1.232618e+00;1.196760e-01
527690197343348;-9.949463e-02;7.905964e-01;-1.369123e+00
527690398757931;3.375022e-03;1.398162e+00;2.473468e-01
527690602600379;3.061196e-01;6.580388e-01;-5.857430e-02
527690804287618;-1.634964e+00;1.811596e+00;3.367379e-03
527691008271004;1.271408e+00;1.349293e+00;1.748982e-01
527691209513243;2.133705e+00;2.322767e+00;-1.003826e+00
527691412492045;-2.016312e-01;2.091983e+00;-7.985758e-01
527691614377462;7.635350e-01;4.722137e-01;-2.524627e-01
527691817562566;-7.202553e-01;4.334849e-01;-4.386543e-01
527692019240170;5.355604e-01;4.433809e-01;1.884594e-01
527692222868816;1.672746e+00;-3.115257e-01;-1.266246e-01
527692424796368;-1.759458e+00;3.698328e-01;-1.280907e-01
527692628447827;-2.371835e-01;3.733758e-01;-2.018832e-01
527692829947514;-4.827511e-01;-4.916087e-01;-2.481867e-01
527693032737358;6.470584e-02;9.469932e-02;1.621922e-01
527693234836941;2.020695e+00;-2.710712e-02;8.949931e-02
527693437781264;-1.651702e+00;4.880962e-01;-2.803106e-02
527693639722514;4.594466e-01;8.419245e-02;1.133230e-01
527693843136681;-5.494576e-01;-3.497658e-01;-2.722548e-01
527694045304545;1.042822e+00;6.427671e-01;4.491765e-01
527694248623087;6.391630e-01;-2.956433e-01;-2.409785e-01
527694450381629;-1.714376e+00;8.185740e-01;6.788235e-03
527694652981837;5.634158e-01;-8.774307e-01;-9.582945e-03
527694855298035;-7.398030e-01;-3.236056e-02;-3.499492e-02
527695058000900;1.133597e+00;7.595645e-01;3.852800e-01
527695260205743;4.347677e-01;-2.921002e-01;-4.508716e-01
527695463404598;-1.516090e+00;1.679771e+00;3.403281e-02
527695665813712;4.743516e-01;-3.322951e-01;-9.168317e-02
527695868798400;-6.056571e-01;1.449124e-01;1.066036e-01
527696070815483;1.480324e+00;1.652893e+00;-9.547053e-02
527696273225952;9.433737e-01;1.911533e+00;-1.223493e+00
527696475758035;-1.745088e-01;2.536448e+00;-1.446987e-02
527696678219545;2.483317e-01;5.925540e-01;-1.657200e-01
527696880690066;-8.914196e-01;1.816483e+00;-6.296106e-01
527697083673400;-1.095326e+00;3.312261e-01;-2.986365e-02
527697286323973;1.821309e+00;7.975603e-01;-2.468428e-01
527697488974493;1.855517e+00;1.404882e+00;-7.131768e-01
527697691250014;-7.867174e-01;8.224835e-01;-2.825173e-01
527697893469650;-1.173318e-01;-9.137005e-02;-1.383532e-01
527698096217566;-3.456731e-01;2.121075e-01;-1.383532e-01
527698298437723;2.738659e-01;-1.569769e-01;2.069075e-01
527698501173920;1.812146e+00;7.246387e-02;-1.763490e-01
527698703941837;-1.964953e+00;3.556759e-02;9.964738e-03
527698906834025;5.706241e-01;1.085050e-01;1.636583e-01
527699109150483;-3.793928e-01;-4.789027e-01;2.572503e-02
527699311685379;2.008966e+00;2.468046e-01;3.518046e-01
527699513714493;-1.374369e+00;-4.012007e-01;-4.217944e-01
527699716678452;-5.677834e-01;9.518807e-02;-1.493488e-01
527699918656108;-5.345300e-04;-2.995527e-01;-8.545235e-02
527700121657045;7.162391e-03;5.234041e-01;2.321973e-01
527700324208920;1.622167e+00;1.049618e-01;1.156443e-01
527700527342827;-1.281029e+00;3.372126e-01;-3.299204e-01
527700729326108;2.804633e-01;3.223076e-01;1.298164e-01
527700932120431;-4.616152e-01;-1.423162e-01;-1.662087e-01
527701133959389;4.121657e-01;1.327791e+00;5.897976e-01
527701337140170;1.090959e+00;5.816807e-01;-7.785394e-01
527701538874910;-6.215396e-01;1.340375e+00;-2.782412e-01
527701742141004;9.096539e-01;7.569989e-01;2.605414e-01
527701944477254;-1.412732e+00;1.641409e+00;-4.409756e-01
527702147852879;-9.898912e-01;7.276773e-01;2.499124e-01
527702349501316;2.738338e+00;1.305800e+00;-1.243033e-01
527702552554858;1.383441e+00;2.971262e+00;-1.438029e+00
527702754203868;-2.171471e-01;1.470122e+00;-3.456807e-01
527702957601056;5.133249e-01;5.462506e-01;-1.039005e-01
527703159094441;-6.806713e-01;5.554134e-01;-5.608272e-01
527703362626212;1.062447e-01;7.283034e-02;-8.838449e-02
527703564746681;1.897422e+00;2.023336e-01;1.709887e-01
527703768363973;-1.868681e+00;-2.586249e-01;-3.249113e-01
527703969677358;3.466811e-01;5.648209e-01;-1.935677e-02
527704172989962;-7.630158e-01;-5.392561e-01;-2.128787e-01
527704374448035;6.390409e-01;1.083827e-01;4.071490e-01
527704578061420;1.608972e+00;1.110705e-01;5.748997e-02
527704779313191;-1.965931e+00;2.221257e-01;5.541305e-02
527704983110379;5.774657e-01;-1.690720e-01;-5.062555e-03
527705185015066;-6.760287e-01;-1.889863e-01;-4.709005e-02
527705388874025;1.810557e+00;4.800328e-01;3.607233e-01
527705589854233;-9.473748e-01;-7.412080e-01;-4.800709e-01
527705793026993;-8.608764e-01;6.121017e-01;-1.500818e-01
527705994692618;1.608102e-02;2.393521e-01;-3.743838e-02
527706198122670;-4.268418e-02;6.228529e-01;2.158261e-01
527706399531525;1.408364e+00;7.397724e-01;1.570610e-01
527706603378295;-9.733977e-01;6.977602e-02;-4.571025e-01
527706805062723;1.412632e-02;7.609084e-01;1.251738e-01
527707009050431;-4.632035e-01;-3.343720e-01;-3.299204e-01
527707210289806;-4.586066e-02;-3.187187e-02;4.528417e-01
527707413271993;1.653443e+00;1.761872e+00;-9.885548e-01
527707615154493;-3.712072e-01;2.663752e+00;-7.745076e-01
527707818342410;6.897426e-01;8.358004e-01;1.119791e-01
527708020016160;-7.462782e-01;2.443841e+00;-3.812330e-01
527708223647202;-8.261793e-01;6.938354e-01;1.799073e-01
527708425573295;9.984736e-01;1.149418e+00;-2.152000e-01
527708629226733;2.029491e+00;-1.149495e-01;-5.333384e-01
527708830724858;-6.418665e-02;1.410991e+00;-8.379155e-01
527709033516681;-8.843336e-01;3.337918e-01;-8.545234e-02
527709235616368;2.934136e-01;3.041038e-01;1.705075e-02
527709438562254;-3.762163e-01;-1.551444e-01;8.693367e-02
527709640501837;2.228266e+00;1.129748e+00;4.687241e-01
527709843916993;-8.429169e-01;-4.787805e-01;-6.419501e-01
527710046084389;-7.510430e-01;6.252965e-01;-7.865038e-04
527710249403452;-4.854849e-02;-1.409723e-01;-1.764636e-02
527710451160431;4.767952e-01;-3.869065e-01;3.024468e-01
527710653761629;1.287901e+00;9.323321e-02;-3.647397e-01
527710856077202;-1.910586e+00;3.336695e-01;1.686674e-01
527711058781316;3.209025e-01;-3.865399e-01;1.033123e-02
527711260986993;-7.964912e-01;3.086241e-01;-2.195982e-01
527711464186368;7.147881e-01;7.001884e-01;1.466763e-01
527711666595483;1.669447e+00;-1.512348e-01;-5.136609e-02
527711869580483;-1.966053e+00;3.458869e-01;5.370265e-02
527712071597045;7.876032e-01;-2.530049e-01;-2.082362e-01
527712274007514;-4.948462e-01;3.265835e-01;-7.751109e-02
527712476539077;2.275624e-01;1.690522e+00;1.180878e-01
527712679000795;1.351309e+00;6.110021e-01;-4.336452e-01
527712881471108;-8.587995e-01;1.087965e+00;-5.560625e-01
527713084454962;8.400154e-01;1.215881e+00;3.532707e-01
527713287106056;-1.104367e+00;1.076970e+00;-7.021813e-01
527713489757358;-9.979544e-01;1.272202e+00;2.081292e-01
527713692033660;2.482753e+00;1.622961e+00;-9.571489e-02
527713894253556;1.235734e+00;2.285382e+00;-1.191850e+00
527714097001473;-3.311345e-01;1.525711e+00;-7.531202e-02
527714299221108;4.063014e-01;4.223672e-01;-8.276454e-02
527714501956785;-5.250229e-01;1.242651e-01;-4.892340e-01
527714704724598;1.309236e-01;5.376983e-01;-7.237983e-02
527714907617150;1.935174e+00;4.730689e-01;-7.653372e-02
527715109934025;-1.589271e+00;-7.890998e-01;5.260310e-02
527715312469233;-4.089586e-01;3.844936e-01;-4.539259e-01
527715514499181;-1.201419e-01;-1.311984e-01;-6.407206e-02
527715717463868;2.882823e-01;2.628245e-02;4.018956e-01
527715919441733;1.420093e+00;-2.295326e-02;-1.648647e-01
527716122442983;-2.152000e+00;-5.496254e-02;7.960330e-02
527716324995379;2.447888e-01;3.325701e-01;-1.842902e-01
527716528129806;-5.267334e-01;-9.868978e-01;-2.187431e-01
527716730111785;8.699477e-01;1.174235e-01;3.799044e-01
527716932905848;1.434265e+00;7.038687e-02;-5.747474e-02
527717134744962;-1.791590e+00;1.443611e+00;-2.022497e-01
527717337926108;7.541278e-01;-7.059000e-01;3.024468e-01
527717539662098;-6.073675e-01;-5.443874e-01;-2.749426e-01
527717742928660;1.117959e+00;6.657356e-01;4.102033e-01
527717945265327;2.583500e-01;1.665370e-01;-6.128730e-01
527718148641420;-1.783038e+00;1.677572e+00;-2.650466e-01
527718350289962;8.076395e-01;-1.417052e-01;1.106427e-02
527718553343504;-5.982046e-01;3.351357e-01;-2.057853e-02
527718754991264;-1.330922e-01;1.572626e+00;2.304869e-01
527718958388556;1.935051e+00;1.559431e+00;-7.355345e-01
527719159882045;-4.115243e-01;1.964923e+00;-5.974792e-01
527719363413816;8.488118e-01;5.342776e-01;3.818669e-02
527719565534754;-1.038638e+00;1.803899e+00;-5.803749e-01
527719769152514;-1.097403e+00;8.163748e-01;1.799073e-01
527719970467827;1.393459e+00;1.069151e+00;-2.783634e-01
527720173781108;2.205420e+00;7.247451e-01;-3.250335e-01
527720375238764;2.980562e-01;9.606612e-01;-4.872791e-01
527720578852566;-6.311913e-01;7.027540e-01;-2.478202e-01
527720780102983;6.629407e-02;5.694794e-02;-2.407341e-01
527720983900014;-6.110328e-01;-2.275929e-01;6.870506e-05
527721185805223;5.311621e-01;6.806560e-02;5.846739e-02
527721389664650;1.844521e+00;4.128376e-01;-9.571487e-02
527721590644858;-2.270630e+00;1.070388e-01;-2.869156e-01
527721793818139;4.483289e-01;2.096642e-01;1.350775e-02
527721995485327;-4.955793e-01;-2.649778e-01;-2.002949e-01
527722198915900;6.163167e-01;3.452760e-01;4.149680e-01
527722400324754;1.605429e+00;-8.562797e-02;3.415500e-02
527722604171525;-1.776196e+00;-1.667508e-01;-1.713399e-01
527722805855045;2.888932e-01;-3.773769e-01;-1.583896e-01
527723009842649;-4.342485e-01;-4.338208e-01;-3.890443e-02
527723211081139;3.103957e-01;2.492481e-01;5.182042e-01
527723414064160;1.791254e+00;3.500407e-01;2.258443e-01
527723615946712;-1.639851e+00;7.483128e-04;-2.534401e-01
527723819135254;-1.136667e-01;2.237140e-01;-3.326083e-01
527724020810410;-3.952753e-01;2.993390e-01;-7.213550e-02
527724224441451;5.574138e-03;1.399873e+00;3.438633e-01
527724426367597;1.524306e+00;1.203297e+00;-4.312018e-01
527724630021139;-7.040063e-01;1.286863e+00;-7.715756e-01
527724831519785;1.040379e+00;7.879085e-01;5.620643e-01
527725034311712;-1.398804e+00;1.160414e+00;-3.668167e-01
527725236410254;-6.994860e-01;9.271858e-01;2.010432e-01
527725439356556;2.657216e+00;2.089661e+00;-3.867308e-01
527725641296243;1.318811e+00;1.969321e+00;-1.127832e+00
527725844711920;-4.319271e-01;2.822348e-01;-1.144073e-01
527726046879733;-1.280831e-01;1.590585e+00;-1.841681e-01
527726250199264;-3.947866e-01;8.948098e-01;-6.531900e-01
527726451957493;6.348412e-02;1.060614e-01;2.523634e-02
527726654559056;1.928332e+00;2.497368e-01;-1.427514e-01
527726856874785;-1.565570e+00;-9.955567e-02;-3.492237e-01
527727059578639;-2.619080e-02;8.745291e-01;8.070286e-02
527727261783014;-6.440194e-01;-1.043830e+00;-2.518519e-01
527727464982910;4.106996e-01;-4.489703e-01;3.671984e-01
527727667392389;1.916359e+00;2.850447e-01;7.092899e-02
527727870377597;-1.855853e+00;4.171138e-01;-2.687118e-01
527728072394681;5.843074e-01;1.171792e-01;1.843055e-01
527728274805879;-5.967386e-01;-9.876308e-01;-1.558239e-01
527728477338274;1.055895e+00;6.304277e-01;5.635303e-01
527728680310410;5.746558e-01;-1.252120e-01;-2.874042e-01
527728882960358;-1.797943e+00;1.246668e+00;-1.487379e-01
527729085611920;3.497353e-01;-1.143157e+00;-1.453171e-01
527729287928326;-7.506001e-02;-3.649908e-03;3.439856e-01
527729490578847;1.771584e+00;4.477791e-01;2.023871e-01
527729692852545;-1.766789e+00;-1.472031e-01;-5.081707e-01
527729895072858;2.705672e-01;4.428923e-01;-7.836632e-02
527730097819212;-6.981421e-01;2.333656e-01;-2.381685e-01
527730300614733;-2.004094e-01;7.373289e-01;3.811261e-01
527730503471295;2.101939e+00;1.322782e+00;-2.202091e-01
527730705824524;3.003775e-01;3.513098e+00;-1.718416e+00
527730908463118;-1.822056e-01;4.477793e-01;6.188823e-02
527731110765306;-2.006538e-01;1.017716e+00;-2.259512e-01
527731313311451;-1.139920e+00;1.395963e+00;-3.730474e-01
527731515327181;2.480874e-01;5.449066e-01;1.422780e-01
527731718300826;2.443779e+00;1.303723e+00;-2.922912e-01
527731920910149;4.469849e-01;1.220034e+00;-7.566705e-01
527732123981660;-1.133322e+00;2.356869e-01;2.491794e-01
527732326027389;4.842477e-01;-4.300335e-01;-8.313105e-02
527732528996972;-7.184227e-01;3.352578e-01;-9.534837e-02
527732730942754;1.856006e+00;2.251800e-01;3.256596e-01
527732933768743;-7.015629e-01;-4.881878e-01;-4.859353e-01
527733135574056;-1.031430e+00;1.570076e-01;-2.843499e-01
527733338783118;3.296990e-01;-1.149494e-01;2.071595e-02
527733541201035;1.351996e-01;-1.309541e-01;2.996368e-01
527733744491920;2.100229e+00;8.786830e-01;8.558978e-02
527733946225149;-2.023596e+00;1.361160e-01;-1.998062e-01
527734149530201;4.235278e-01;6.197988e-01;8.865181e-03
527734351114681;-7.542194e-01;-1.248455e-01;-2.001728e-01
527734554224368;5.444790e-01;9.904713e-01;4.441674e-01
527734755815879;1.418993e+00;9.721454e-01;-6.068865e-01
527734959263483;-1.604543e+00;6.282286e-01;-4.118985e-01
527735160705358;8.328073e-01;6.452107e-01;-1.858785e-01
527735364282858;-1.571312e+00;8.884570e-01;-1.084208e-01
527735566347910;1.226082e+00;1.345139e+00;2.666501e-01
527735770022181;2.293751e+00;2.043113e+00;-9.383416e-01
527735971279837;-3.967414e-01;1.876592e+00;-1.039745e+00
527736174643587;5.393477e-01;2.491259e-01;-2.781191e-01
527736376050306;-7.769435e-01;1.304089e+00;-3.627850e-01
527736579709316;-5.184714e-02;7.616414e-01;-1.579009e-01
527736780915670;1.620945e+00;3.326922e-01;6.323212e-02
527736984754056;7.672005e-01;1.384372e-01;-8.099378e-01
527737186612910;-2.223838e+00;1.139400e+00;-4.049270e-02
527737390519420;6.748375e-01;-9.087070e-01;-1.052444e-01
527737591452754;-3.390757e-01;-1.165378e-01;3.356778e-01
527737794668118;1.935418e+00;8.621898e-01;2.600527e-01
527737996292076;-1.244499e+00;-7.190947e-01;-8.985057e-02
527738199981920;-6.315577e-01;4.394714e-01;-2.072588e-01
527738401805306;-2.035860e-01;-2.299142e-01;-1.118417e-01
527738605652701;1.797927e-01;1.530093e-05;3.098993e-01
527738806671347;1.905608e+00;6.564505e-01;-1.092685e-02
527739010719160;-1.984745e+00;-2.479957e-01;-1.696295e-01
527739211898847;5.674475e-01;-1.175151e-01;-7.763330e-02
527739414935983;-4.838507e-01;-2.764621e-01;-2.411007e-01
527739616763743;2.406349e-01;5.548026e-01;5.054982e-01
527739820001243;1.511478e+00;7.736144e-01;-2.008980e-02
527740021625722;-1.752250e+00;2.450942e-01;-4.894783e-01
527740225291347;2.264628e-01;8.289587e-01;1.057561e-02
527740427187701;-6.162861e-01;-3.006523e-01;-1.436066e-01
527740630871660;-9.839506e-02;1.073549e+00;4.915704e-01
527740832339368;1.914038e+00;1.211849e+00;-5.240532e-01
527741035158691;3.098610e-02;2.172739e+00;-8.470785e-01
527741237230462;2.047922e-02;1.772378e+00;2.093510e-01
527741440201556;2.154672e-01;1.231030e+00;-5.084150e-01
527741642116451;-6.523272e-01;2.271348e-01;3.000109e-02
527741845547806;-2.093724e+00;-2.908556e+00;-1.555437e+00
527742047702754;1.670058e+00;8.801491e-01;-5.857429e-02
527742251035306;5.450944e+00;5.138854e+00;-1.838634e+00
527742452778535;3.732216e+00;-3.382816e-01;-2.328547e+00
527742655392076;4.809490e-01;-2.336176e+00;-1.130634e-01
527742857694785;-1.939343e-01;1.595350e+00;8.167949e-01
527743060845410;2.676351e-01;1.537806e+00;8.440393e-01
