#time;x;y;z
99788.000000;4.142227;-7.486725;4.570541
99950.000000;4.095551;-7.412506;4.496323
100115.000000;2.961899;-7.030624;3.884613
100275.000000;0.816086;-7.383774;3.072372
100436.000000;2.297501;-11.079224;-0.641037
100599.000000;1.776154;-10.854156;-0.346558
100760.000000;2.450119;-9.962921;-0.509354
100925.000000;3.270737;-9.512222;-1.465240
101085.000000;3.932739;-7.782410;-1.744171
101247.000000;4.629456;-8.240295;-3.417709
101408.000000;4.964035;-8.702377;-6.317093
101570.000000;3.586182;-6.974960;-9.847946
101735.000000;2.017975;-3.212479;-11.673523
101894.000000;0.430618;-0.118561;-8.652634
102056.000000;0.245667;4.273010;-3.263885
102218.000000;0.008636;5.450363;-3.435074
102381.000000;0.889709;3.002289;-7.721893
102545.000000;2.984039;-0.566879;-10.434525
102705.000000;4.473221;-4.257538;-9.761749
102868.000000;4.321198;-7.035416;-7.274170
103028.000000;4.094940;-8.085861;-7.317871
103189.000000;3.704086;-7.354446;-9.819214
103355.000000;2.695541;-6.546997;-10.654190
103515.000000;1.315277;-2.615128;-9.638443
103676.000000;0.619156;1.517288;-7.969696
103839.000000;0.785553;5.005035;-4.396942
104001.000000;0.273804;4.886520;-4.817719
104166.000000;0.765213;2.156525;-7.823639
104325.000000;2.096985;-2.548676;-10.132248
104487.000000;2.961288;-6.171707;-9.674957
104649.000000;3.335388;-8.116394;-7.941559
104810.000000;2.973267;-7.689026;-8.378510
104975.000000;2.754196;-7.657913;-9.324814
105135.000000;2.249008;-6.541611;-9.631271
105297.000000;1.572052;-3.032303;-9.458282
105459.000000;1.229080;1.338318;-8.680771
105621.000000;1.053711;4.942795;-6.465530
105785.000000;0.656265;5.556900;-3.854065
105945.000000;0.766403;4.071899;-6.408081
106107.000000;2.110153;1.066574;-9.329605
106269.000000;3.083389;-2.906616;-10.441101
106431.000000;3.476044;-5.792221;-8.837585
106595.000000;3.540085;-7.556152;-7.444168
106756.000000;3.895630;-7.117416;-8.393463
106917.000000;3.302460;-6.912704;-9.999374
107079.000000;2.237640;-4.927917;-10.303436
107241.000000;1.247040;-0.930206;-9.421173
107406.000000;0.629333;2.454605;-8.823227
107565.000000;0.724503;5.339630;-4.809952
107728.000000;0.299530;4.943985;-4.074921
107889.000000;0.781967;2.980133;-8.251007
108051.000000;1.563080;-0.392700;-10.511139
108215.000000;2.195740;-3.232819;-10.153809
108376.000000;2.216690;-6.136993;-8.903427
108537.000000;2.363342;-7.432251;-8.467682
108700.000000;2.326218;-6.798386;-9.939514
108861.000000;1.666626;-5.787430;-10.837952
109025.000000;0.702957;-2.921570;-10.330368
109186.000000;0.397095;0.851700;-8.913010
109348.000000;0.441986;4.006058;-7.107773
109510.000000;0.519211;5.563477;-3.839691
109671.000000;0.400085;4.250259;-5.447403
109835.000000;1.225494;0.471008;-9.042297
109995.000000;2.097580;-3.876862;-11.113876
110158.000000;2.201141;-6.099869;-9.155411
110320.000000;2.204727;-7.293381;-9.838364
110481.000000;2.074829;-6.409927;-10.955261
110645.000000;1.463120;-5.544418;-10.647614
110805.000000;0.895096;-2.364929;-10.091553
110967.000000;0.828064;1.632797;-8.548492
111130.000000;1.142899;4.511826;-5.037384
111291.000000;1.206345;4.310715;-5.097839
111456.000000;1.689362;2.413315;-6.600800
111616.000000;2.820633;-2.226059;-8.763962
111778.000000;3.678955;-7.995483;-10.654190
111940.000000;3.386261;-8.278610;-7.720093
112101.000000;3.019958;-7.733917;-9.080002
112266.000000;2.462692;-7.882965;-10.276505
112426.000000;1.546906;-4.467636;-10.127472
112588.000000;0.717331;-0.538742;-9.169189
112750.000000;0.376160;3.417679;-6.949768
112911.000000;0.520401;5.243851;-2.961014
113076.000000;0.535965;4.276596;-6.110596
113236.000000;1.121948;1.016891;-10.011353
113399.000000;1.593613;-2.536697;-10.748154
113560.000000;1.797714;-5.118256;-9.336182
113723.000000;1.856369;-7.327499;-8.327621
113885.000000;1.790527;-7.449615;-9.552261
114046.000000;1.645081;-7.517242;-10.368088
114208.000000;0.843018;-5.130829;-10.171158
114370.000000;0.489273;-0.895477;-9.292496
114532.000000;0.072083;2.674881;-8.101974
114696.000000;0.143906;5.866348;-4.501694
114856.000000;0.303726;5.137314;-4.207794
115020.000000;0.595810;2.758072;-8.136093
115180.000000;1.397278;-1.052902;-10.606308
115341.000000;1.876114;-4.463440;-10.393829
115506.000000;1.940170;-6.159134;-9.085983
115666.000000;1.808487;-6.684067;-9.410400
115828.000000;1.686386;-6.275253;-10.840942
115990.000000;1.167435;-5.564178;-10.911575
116153.000000;0.388123;-1.784332;-9.617508
116316.000000;0.027191;1.481369;-8.119324
116476.000000;0.233093;4.592636;-6.139328
116639.000000;0.289963;5.412048;-4.996094
116800.000000;0.252243;2.889160;-7.732666
116963.000000;1.033356;-0.305313;-10.211258
117126.000000;1.571457;-3.574600;-10.163971
117286.000000;1.867142;-6.172897;-8.951324
117448.000000;1.900070;-7.802155;-8.045105
117611.000000;2.216690;-7.166489;-9.355942
117773.000000;2.093399;-7.342468;-9.949097
117936.000000;1.578644;-4.709442;-10.124466
118097.000000;1.043533;-0.274185;-9.413391
118261.000000;0.829254;3.265656;-6.728897
118421.000000;1.064484;4.648300;-4.365829
118582.000000;1.321854;4.006653;-6.624161
118746.000000;1.709717;0.749939;-8.590988
118907.000000;2.294510;-4.613678;-10.286087
119068.000000;2.440552;-7.618408;-8.729843
119231.000000;2.268173;-7.761444;-8.364731
119394.000000;2.283142;-7.309555;-9.861710
119557.000000;1.643280;-7.610031;-10.507553
119716.000000;1.039948;-3.199905;-9.869492
119881.000000;0.206161;1.068375;-8.513779
120041.000000;0.510834;4.072495;-5.324707
120203.000000;0.500656;4.996658;-4.254486
120367.000000;0.640717;2.904129;-8.296509
120527.000000;1.537933;-0.776962;-10.341751
120689.000000;1.747437;-3.672165;-9.881470
120852.000000;1.968292;-6.953415;-8.695129
121013.000000;2.143066;-7.814728;-8.505386
121177.000000;2.307678;-6.854660;-9.939529
121337.000000;1.469711;-6.833694;-10.526703
121501.000000;0.607788;-3.204086;-10.144226
121662.000000;-0.015900;0.703842;-8.694534
121823.000000;0.295349;4.302933;-6.087250
121987.000000;0.474319;5.480286;-4.005493
122148.000000;0.152893;3.332092;-7.121552
122309.000000;1.180008;0.107681;-9.956284
122472.000000;2.044907;-3.350739;-10.474625
122633.000000;2.397461;-6.156143;-8.814255
122798.000000;2.384888;-8.139740;-7.986450
122958.000000;2.024567;-7.387360;-9.147049
123124.000000;1.373932;-7.505875;-9.921570
123282.000000;0.674820;-4.636429;-10.021515
123443.000000;0.139114;-0.400482;-9.631866
123608.000000;0.167847;2.989716;-7.487854
123768.000000;0.313904;5.334839;-4.627380
123930.000000;0.358795;4.900879;-5.146927
124092.000000;0.898697;2.209198;-8.664001
124253.000000;1.127335;-1.793304;-10.755341
124418.000000;1.341019;-4.716629;-9.699509
124578.000000;1.276962;-7.447220;-8.576614
124740.000000;1.596603;-6.973755;-9.323608
124902.000000;1.594208;-7.010880;-10.399216
125063.000000;0.928009;-5.654556;-10.299255
125228.000000;0.844818;-1.924393;-10.014343
125388.000000;0.880127;1.526855;-9.264954
125550.000000;0.889114;4.556717;-5.037994
125712.000000;0.989670;5.320465;-3.304581
125874.000000;0.649689;3.001694;-7.415436
126037.000000;1.266800;-0.902069;-10.814606
126198.000000;1.443375;-3.585968;-10.636841
126361.000000;1.588821;-6.447037;-8.947723
126522.000000;1.657059;-7.478333;-8.924988
126683.000000;1.625931;-6.338699;-10.257950
126847.000000;1.154877;-6.066956;-10.369888
127008.000000;0.720917;-2.789902;-9.931747
127169.000000;0.453369;0.816971;-9.512756
127333.000000;0.491074;3.613403;-7.934967
127494.000000;0.740067;5.350403;-4.061157
127658.000000;0.413864;4.814697;-5.282196
127819.000000;0.449173;1.702835;-9.120102
127980.000000;1.189590;-1.085220;-10.749359
128142.000000;1.395477;-4.932709;-9.949097
128303.000000;1.383514;-7.159912;-8.216293
128468.000000;1.560089;-7.431061;-9.012360
128628.000000;1.408051;-7.166489;-9.848541
128789.000000;0.858582;-6.629593;-9.878464
128952.000000;1.030960;-2.517548;-9.907196
129114.000000;1.035156;1.272476;-9.005188
129278.000000;0.995056;4.374161;-7.379517
129439.000000;1.268585;5.667633;-3.806183
129604.000000;0.832840;4.540558;-5.591049
129762.000000;1.455933;1.810577;-9.057861
129924.000000;1.521179;-2.085403;-10.599121
130088.000000;1.450546;-5.083542;-9.653412
130248.000000;1.293137;-7.328705;-8.358154
130410.000000;1.207535;-7.615402;-8.987823
130572.000000;1.374527;-7.171280;-9.520538
130735.000000;0.775986;-6.716385;-9.854523
130898.000000;0.594025;-2.697708;-9.873077
131058.000000;0.634720;0.837921;-9.333786
131223.000000;0.949554;4.252655;-7.313675
131383.000000;1.263794;5.890289;-4.383179
131544.000000;0.764008;5.356979;-5.199005
131708.000000;0.720322;3.548172;-8.084015
131869.000000;0.680817;-0.234085;-10.149612
132030.000000;0.748459;-3.146637;-10.423157
132193.000000;0.813690;-6.062775;-9.002182
132355.000000;1.016006;-7.532211;-8.740631
132518.000000;0.862762;-6.703217;-9.898224
132679.000000;0.597015;-6.588303;-10.210663
132842.000000;0.324081;-4.480209;-10.416565
133003.000000;0.256439;-0.447769;-9.670166
133164.000000;0.608994;2.845459;-8.181580
133329.000000;0.954346;5.333633;-5.015244
133489.000000;1.023773;5.645477;-4.115631
133651.000000;1.165649;3.397324;-7.110168
133813.000000;1.842606;-0.745255;-10.514725
133975.000000;2.054489;-3.752960;-10.249573
134139.000000;1.959915;-6.474564;-8.690948
134299.000000;2.040131;-7.906906;-8.325226
134460.000000;2.360336;-6.988129;-9.493607
134623.000000;1.881500;-7.423874;-9.914383
134784.000000;1.800095;-4.369461;-10.085571
134948.000000;1.891083;0.418335;-9.164398
135109.000000;1.571457;3.221359;-7.773972
135271.000000;1.525360;5.094208;-3.630203
135433.000000;0.944778;4.867966;-4.544189
135594.000000;1.483475;1.912323;-9.704300
135758.000000;2.111343;-1.052307;-10.884033
135919.000000;1.903046;-4.037872;-9.742599
136081.000000;1.925797;-6.250107;-8.230667
136243.000000;2.115540;-7.075516;-9.536102
136405.000000;2.085022;-6.324936;-11.241364
136569.000000;1.590607;-5.218811;-10.614090
136729.000000;0.823868;-1.204330;-9.802460
136891.000000;0.742462;2.076324;-8.283340
137053.000000;0.951965;4.556122;-4.561554
137215.000000;1.194962;4.939194;-4.811142
137379.000000;1.607376;2.161911;-8.751404
137539.000000;2.203522;-1.167221;-10.257950
137702.000000;2.398651;-4.619064;-9.795273
137863.000000;2.174789;-6.749298;-8.323441
138025.000000;2.034134;-7.996094;-8.002609
138189.000000;1.804291;-7.355637;-9.539093
138349.000000;1.237457;-7.508270;-9.958084
138511.000000;0.731094;-3.675156;-9.931137
138674.000000;0.563492;0.190292;-9.270935
138835.000000;0.680817;3.757065;-7.597397
138999.000000;0.979492;5.510818;-4.386169
139159.000000;0.841827;5.058899;-4.595657
139321.000000;1.287735;2.802368;-8.328232
139484.000000;1.706131;-1.158844;-10.543457
139645.000000;2.257401;-4.161179;-10.023315
139809.000000;1.916229;-6.515274;-8.465881
139969.000000;2.105957;-7.666290;-9.054260
140131.000000;1.935974;-6.852859;-10.372269
140294.000000;1.436783;-6.602066;-10.419556
140455.000000;1.170425;-2.824615;-10.148407
140620.000000;1.016602;1.186279;-9.115311
140780.000000;0.926819;4.237686;-6.092636
140941.000000;1.134521;5.279770;-2.837723
141104.000000;1.309891;4.223923;-6.203964
141266.000000;1.895279;0.788239;-9.127289
141430.000000;2.020370;-3.593750;-10.254959
141590.000000;2.407043;-7.781799;-8.862732
141753.000000;2.137680;-9.317688;-7.640488
141914.000000;1.745041;-7.677063;-8.989029
142075.000000;1.203339;-8.212769;-10.075989
142240.000000;0.955551;-3.872070;-10.436920
142400.000000;0.513214;0.332748;-8.740036
142562.000000;0.388123;3.381775;-6.443390
142724.000000;0.600006;5.465317;-3.337509
142886.000000;0.523392;4.702164;-6.240479
143051.000000;0.965134;1.144379;-9.562439
143210.000000;1.575653;-3.011353;-10.708664
143373.000000;1.824051;-5.941864;-8.964478
143534.000000;1.675003;-8.031998;-8.260590
143695.000000;1.760010;-7.428665;-9.822205
143860.000000;1.245239;-7.389755;-9.996979
144020.000000;0.835846;-3.889435;-10.145416
144182.000000;0.665253;0.078354;-9.603134
144344.000000;1.100998;3.429047;-7.669815
144506.000000;1.463715;4.830261;-3.332718
144670.000000;1.036957;4.579468;-5.256470
144830.000000;1.721100;0.728394;-8.965088
144993.000000;1.991043;-2.811447;-11.254532
145154.000000;1.979065;-5.535446;-9.554047
145316.000000;1.740250;-7.384369;-8.048706
145480.000000;1.543930;-7.598053;-9.088974
145640.000000;1.560684;-7.006088;-9.654602
145801.000000;0.912460;-5.938278;-10.125076
145964.000000;0.784363;-1.630508;-9.751572
146126.000000;0.568283;1.610657;-8.998596
146290.000000;1.133911;4.723724;-6.672043
146450.000000;0.589233;5.644882;-3.480560
146614.000000;0.500046;3.928833;-6.686996
146775.000000;1.467911;0.756531;-9.700104
146936.000000;1.817459;-3.002380;-10.397415
147100.000000;2.102371;-5.983154;-8.795090
147261.000000;2.128708;-8.294754;-7.576447
147422.000000;2.049103;-8.202591;-8.134888
147585.000000;1.777954;-8.234314;-8.914200
147746.000000;1.153061;-7.107239;-9.466660
147911.000000;0.910660;-2.670776;-9.231430
148071.000000;0.300140;0.868454;-8.690353
148235.000000;0.261230;3.739700;-8.039124
148395.000000;0.973511;5.203751;-5.489899
148556.000000;0.337845;4.332260;-6.323074
148720.000000;0.695175;2.302582;-8.883682
148881.000000;1.105789;-1.356369;-10.472824
149042.000000;1.362564;-3.964249;-9.744995
149205.000000;1.434387;-6.898346;-8.512573
149366.000000;1.607971;-7.395737;-8.298294
149530.000000;1.378128;-7.186249;-9.116516
149691.000000;1.054916;-6.928864;-9.885056
149854.000000;1.023178;-4.476013;-10.667358
150015.000000;1.348206;-0.408264;-10.189713
150176.000000;0.883728;2.728745;-7.368744
150340.000000;1.062683;4.755432;-4.191040
150501.000000;2.028152;5.678406;-6.576263
150662.000000;5.330948;5.093613;-8.327026
150825.000000;7.665894;4.299942;-4.766846
150986.000000;6.197647;2.124802;0.379501
151151.000000;4.655182;-4.096527;2.708466
151311.000000;5.132233;-12.036896;2.152405
151476.000000;2.692535;-12.716858;1.267746
151635.000000;1.967697;-9.979080;0.779922
151796.000000;1.645081;-9.782761;1.408997
151961.000000;1.118347;-9.020798;1.196518
152121.000000;0.896896;-9.233292;1.332993
152283.000000;1.385300;-9.454147;1.181549
152445.000000;1.584030;-9.351212;1.350952
152606.000000;1.780350;-9.413452;0.991821
152771.000000;1.637894;-9.444580;1.031311
152931.000000;1.610962;-9.487076;0.902023
153104.000000;1.637894;-9.515808;0.858337
