#time;x;y;z
526308965893299;-1.547168e-01;-2.319759e-02;2.242637e-02
526309167128038;-8.706502e-01;-1.224280e+00;4.776427e-01
526309370105903;-1.216079e-01;-2.490236e+00;-5.253970e-01
526309571982830;-1.242957e-01;-2.211177e-01;3.580354e-01
526309775166528;-1.484325e+00;1.690400e+00;-1.410411e-01
526309976835643;-2.268064e+00;-4.072987e+00;2.017144e+00
526310180462309;-1.151892e+00;-2.606544e+00;3.641440e-01
526310382383299;4.428788e-04;3.066694e-01;-6.030990e-01
526310586031840;-1.642417e+00;7.225460e-01;-4.540481e-01
526310787526215;-1.112186e+00;1.853990e+00;9.133192e-02
526310990313559;-1.567938e-01;1.645685e+00;1.049534e+00
526311192407830;-9.680679e-02;-1.344620e+00;1.068349e+00
526311395349236;-7.371152e-01;-1.376996e+00;4.768600e+00
526311597283403;-4.048508e-02;4.000095e-01;1.518075e-01
526311800694236;2.120754e+00;8.267596e-01;-7.132990e-01
526312002856893;-3.254384e-02;9.146019e-01;-1.680412e-01
526312206171215;6.533351e-01;-4.591106e-01;1.146669e-01
526312407924393;-1.878821e+00;-9.798118e-01;6.133769e-01
526312610521268;-1.469542e+00;-3.985129e-01;6.858255e-01
526312812832309;1.529315e+00;2.819904e-01;-6.522127e-01
526313015531788;2.101695e+00;6.447219e-01;1.314123e-02
526313217732049;-1.523955e-01;1.410746e+00;-1.781816e-01
526313420926736;-7.630157e-01;-1.036622e+00;3.876013e-01
526313623331059;-2.283581e+00;-4.356534e-01;-9.803616e-02
526313826311059;-2.115272e-01;5.198612e-01;2.387946e-01
526314028323143;2.486784e+00;7.782569e-01;-2.612592e-01
526314230729028;5.634156e-01;5.483274e-01;-4.494056e-01
526314433255799;1.486387e-01;1.681253e-01;1.030605e-01
526314635713559;-1.857808e+00;-1.375896e+00;2.328082e-01
526314838179809;-1.760558e+00;-1.281285e-02;6.336577e-01
526315041158715;1.443061e+00;1.658040e-01;-6.505022e-01
526315243804705;2.004446e+00;7.111992e-02;1.595119e-02
526315446450799;6.189586e-02;9.253531e-01;-1.190499e-01
526315648722413;-6.223948e-01;-1.239429e+00;4.321944e-01
526315850937622;-2.162996e+00;-5.015047e-01;4.539487e-02
526316053680851;-2.963153e-01;1.008080e-01;3.133201e-01
526316255895799;2.392711e+00;5.435627e-01;-2.921689e-01
526316458626788;9.023236e-01;2.205375e-01;-3.508120e-01
526316661390122;-3.533700e-01;2.042883e-01;7.068469e-02
526316864277778;-1.727449e+00;-1.108460e+00;3.533929e-01
526317066590382;-1.672105e+00;-2.312581e-01;4.967017e-01
526317269121632;1.527971e+00;3.963443e-01;-7.657112e-01
526317471146163;2.050383e+00;3.056920e-01;4.698309e-02
526317674105851;-3.443291e-01;1.059866e+00;-4.867828e-02
526317876078611;-8.746818e-01;-1.301982e+00;3.821035e-01
526318079075070;-2.323287e+00;-7.528144e-01;-1.240590e-01
526318281622570;-9.265288e-02;1.056949e-01;1.025718e-01
526318484751893;2.607369e+00;7.429489e-01;-1.431179e-01
526318686729757;7.031817e-01;5.516261e-01;-3.896630e-01
526318889519809;-7.009639e-03;-1.159268e-01;2.433151e-01
526319091354393;-2.210765e+00;-1.662392e+00;1.402011e-01
526319294530851;-1.340283e+00;-3.192226e-01;7.009749e-01
526319496261788;1.671402e+00;7.285325e-01;-6.732264e-01
526319699523872;2.165103e+00;8.592576e-01;1.249295e-01
526319901855538;-3.279580e-01;8.973755e-01;-2.599153e-01
526320105226528;-7.562964e-01;-1.374675e+00;4.456334e-01
526320306869861;-2.133430e+00;-1.126786e+00;-3.107789e-03
526320509919028;-5.350411e-01;1.675298e-02;4.202214e-01
526320711562205;2.716591e+00;1.140744e+00;-2.525849e-01
526320914954809;1.040379e+00;2.187048e-01;-2.953455e-01
526321116444445;1.362993e-01;2.701550e-02;7.813723e-02
526321319972153;-2.119380e+00;-9.453590e-01;3.582798e-01
526321522087518;-1.679191e+00;1.259909e-02;5.537565e-01
526321725700122;1.491686e+00;6.717221e-01;-7.139100e-01
526321927010226;2.177076e+00;5.951348e-02;1.358029e-01
526322130318768;-3.296683e-01;1.121074e+00;-2.918025e-01
526322331770799;-1.088851e+00;-1.456164e+00;5.692725e-01
526322535379809;-2.238010e+00;-6.879407e-01;-2.473238e-02
526322736626476;-7.677045e-02;1.446681e-01;1.775860e-01
526322940419393;2.716225e+00;8.823482e-01;-1.381088e-01
526323142319393;6.368418e-01;5.623773e-01;-3.577758e-01
526323346173715;-3.466602e-03;-1.236237e-01;8.106937e-02
526323547150278;-2.333915e+00;-1.103329e+00;7.703763e-02
526323750318872;-1.426415e+00;2.138180e-01;6.331690e-01
526323951980330;1.809580e+00;1.195478e+00;-5.523973e-01
526324155406215;2.164126e+00;1.435685e-01;2.191248e-01
526324356809340;-2.603963e-01;1.069762e+00;-3.015763e-01
526324560651840;-1.272966e+00;-1.462151e+00;4.750771e-01
526324762331163;-2.161285e+00;-3.160461e-01;1.408119e-01
526324966313715;3.672061e-01;-2.588539e-02;-2.436589e-02
526325167548455;2.597595e+00;9.863175e-01;5.944476e-02
526325370526528;1.480278e-01;8.221170e-01;-3.494681e-01
526325572405330;3.436267e-01;-7.497601e-01;1.392237e-01
526325775589080;-2.095190e+00;-8.875712e-01;1.617035e-01
526325977258663;-1.362152e+00;-8.758268e-02;6.273046e-01
526326180885330;1.856861e+00;8.744070e-01;-4.001699e-01
526326382806320;1.980866e+00;4.213897e-01;-4.574613e-02
526326586454549;-2.771340e-01;1.077825e+00;-4.507495e-01
526326787947674;-1.152503e+00;-1.430385e+00;5.640191e-01
526326990735018;-2.164218e+00;-4.104858e-01;1.460731e-02
526327192829288;1.129642e-01;9.518798e-02;4.576142e-02
526327395771111;2.537486e+00;7.606640e-01;-1.141554e-02
526327597706945;3.443596e-01;5.593230e-01;-4.061563e-01
526327801117622;8.339834e-02;-3.509875e-01;2.205985e-02
526328003279913;-2.299463e+00;-1.511875e+00;3.756284e-01
526328206594393;-1.337962e+00;-5.418217e-01;3.680536e-01
526328408347934;1.754602e+00;7.841212e-01;-6.778690e-01
526328610944340;2.197968e+00;3.030041e-01;2.637179e-01
526328813254288;-3.781711e-01;8.562033e-01;-1.563126e-01
526329015953768;-1.083720e+00;-1.434295e+00;4.926701e-01
526329218154184;-2.125366e+00;-8.104801e-01;-7.066943e-02
526329421349184;-5.465709e-02;2.771036e-01;2.265774e-01
526329623753507;2.738094e+00;1.487960e+00;-2.766455e-02
526329826734132;4.537045e-01;5.991514e-01;-2.531958e-01
526330028747153;5.908591e-02;-9.540177e-02;2.857091e-01
526330231153247;-1.995985e+00;-1.557323e+00;-8.972079e-03
526330433680330;-1.671127e+00;2.006233e-01;5.627973e-01
526330636137257;1.497428e+00;5.242593e-01;-6.749368e-01
526330838602465;2.336390e+00;6.207759e-01;4.043390e-01
526331041581632;-1.878256e-01;1.038485e+00;-3.305313e-01
526331244227622;-5.242899e-01;-1.154030e+00;3.588907e-01
526331446873715;-2.174236e+00;-9.645401e-01;2.120463e-02
526331649145330;-8.145728e-01;6.867651e-02;4.069046e-01
526331851361059;2.596129e+00;1.545747e+00;3.978230e-03
526332054104809;1.203725e+00;2.308000e-01;-3.249113e-01
526332256320018;-5.966614e-02;5.131416e-01;-1.101313e-01
526332459051268;-1.794033e+00;-1.540708e+00;2.997589e-01
526332661814601;-1.745286e+00;-2.625189e-02;4.189997e-01
526332864702257;1.302318e+00;2.469268e-01;-6.913080e-01
526333067013924;2.170601e+00;4.465574e-01;2.593197e-01
526333269544549;-2.722471e-01;1.179473e+00;-2.915581e-01
526333471569393;-6.942325e-01;-1.256045e+00;4.089816e-01
526333674529288;-2.051818e+00;-7.903215e-01;-1.547244e-01
526333876502674;-4.647916e-01;-1.395062e-01;1.872377e-01
526334079499549;2.538097e+00;9.081268e-01;-2.400011e-01
526334282047049;1.018144e+00;5.064221e-01;-2.733544e-01
526334485176372;-7.786998e-02;1.899943e-01;7.618246e-02
526334687154236;-1.972650e+00;-1.628550e+00;2.512563e-01
526334889944288;-1.823233e+00;2.476599e-01;6.191190e-01
526335091777778;1.525528e+00;4.592634e-01;-7.098783e-01
526335294953768;2.198945e+00;5.995178e-01;2.554102e-01
526335496684705;-2.915505e-01;1.069762e+00;-2.055484e-01
526335699946788;-5.642405e-01;-1.335213e+00;4.971904e-01
526335902278455;-2.205267e+00;-9.030872e-01;-5.222131e-02
526336105649445;-5.942950e-01;3.116940e-02;3.397095e-01
526336307294028;2.521848e+00;5.642099e-01;-1.604665e-01
526336510343507;8.791106e-01;3.815613e-01;-3.762240e-01
526336711987101;1.856571e-01;-9.735648e-02;2.124053e-01
526336915379809;-2.173014e+00;-1.792873e+00;2.879082e-01
526337116867778;-1.436189e+00;-2.308915e-01;6.055578e-01
526337320395070;1.564379e+00;5.789928e-01;-7.653447e-01
526337522510903;2.053559e+00;4.909062e-01;1.624366e-01
526337726123559;-2.384052e-01;1.116920e+00;-1.558240e-01
526337927433195;-1.079932e+00;-1.491105e+00;5.367745e-01
526338130741684;-2.317056e+00;-8.715664e-01;-7.824413e-02
526338332195590;8.339829e-02;1.654375e-01;1.190652e-01
526338535804809;2.669188e+00;1.178129e+00;1.301907e-02
526338737051007;5.587733e-01;9.385478e-01;-3.730475e-01
526338940843872;-1.653917e-02;-2.508058e-01;1.381242e-01
526339142743872;-2.178390e+00;-1.468259e+00;1.100243e-01
526339346598195;-1.579742e+00;1.486998e-01;5.663403e-01
526339547573195;1.800783e+00;1.038241e+00;-5.786645e-01
526339750741788;2.015197e+00;4.421591e-01;2.456363e-01
526339952403247;-2.183689e-01;1.102260e+00;-3.411603e-01
526340155829132;-1.066249e+00;-1.246149e+00;4.642037e-01
526340357233820;-2.051696e+00;-8.758426e-01;-1.448284e-01
526340561076320;-8.720048e-03;2.713770e-02;1.205312e-01
526340762755643;2.607613e+00;1.065608e+00;-1.059774e-01
526340966738195;6.125293e-01;6.183325e-01;-2.373133e-01
526341167972934;-8.605554e-02;-5.298488e-01;6.738602e-02
526341370950851;-1.874668e+00;-1.513585e+00;4.213210e-01
526341572828247;-1.544923e+00;-3.409694e-01;5.601095e-01
526341776011997;1.449170e+00;6.039161e-01;-5.387140e-01
526341977681580;2.126130e+00;4.102720e-01;2.436816e-01
526342181308143;7.203626e-02;1.003788e+00;-3.345630e-01
526342383228715;-9.704654e-01;-1.432096e+00;5.984718e-01
526342586877361;-2.271730e+00;-1.047373e+00;-4.892264e-02
526342788372153;-3.181079e-02;7.160869e-02;2.519892e-01
526342991159497;2.519527e+00;1.346606e+00;-3.157484e-01
526343193253768;6.686067e-01;9.001855e-01;-5.186776e-01
526343396195174;-1.719431e-01;-3.632048e-01;1.430110e-01
526343598129340;-2.100443e+00;-1.391779e+00;3.153971e-01
526343801540174;-1.241934e+00;-5.688220e-01;3.317682e-01
526344003702830;1.607506e+00;1.051802e+00;-5.552073e-01
526344207017153;2.146899e+00;5.565130e-01;3.201618e-01
526344408770330;-2.710254e-01;8.899230e-01;-3.520337e-01
526344611367361;-1.082620e+00;-1.506744e+00;5.565665e-01
526344813678768;-2.109850e+00;-4.916087e-01;-1.258916e-01
526345016378247;9.605830e-03;3.940231e-01;1.527849e-01
526345218578663;2.653551e+00;1.127550e+00;1.018388e-01
526345421773455;2.965901e-01;4.609738e-01;-3.212461e-01
526345624177465;6.307213e-03;-6.361392e-01;2.987892e-02
526345827157465;-2.055484e+00;-1.174922e+00;2.474689e-01
526346029169549;-1.269667e+00;-1.158047e-01;5.257789e-01
526346231575643;1.880196e+00;1.092975e+00;-3.785452e-01
526346434102726;1.943970e+00;3.418552e-01;4.502837e-02
526346636560486;-2.313650e-02;6.320159e-01;-5.539778e-02
526346839026945;-1.477850e+00;-1.537287e+00;4.799640e-01
526347042005851;-2.172036e+00;-6.191571e-01;1.257847e-01
526347244651580;3.788125e-01;-5.115974e-03;-7.274638e-02
526347447297674;2.488983e+00;1.096640e+00;-8.374189e-02
526347649569288;1.739285e-01;1.060965e+00;-3.520337e-01
526347851784497;-3.153742e-01;-9.748026e-01;1.990884e-01
526348054527726;-2.339780e+00;-1.303448e+00;1.193095e-01
526348256742934;-8.892207e-01;-4.234361e-01;3.478951e-01
526348459474184;2.357770e+00;1.301401e+00;-3.086623e-01
526348662237205;1.476048e+00;4.824762e-01;-1.460501e-01
526348865124653;-1.845270e-01;6.439888e-01;-1.398193e-01
526349067437861;-1.725372e+00;-1.619631e+00;4.098368e-01
526349269969111;-1.989143e+00;1.215774e-01;3.403204e-01
526349471993486;1.363282e+00;2.007455e-01;-6.077417e-01
526349674953382;2.241217e+00;9.108146e-01;2.901073e-01
526349876925830;-1.311373e-01;1.078802e+00;-1.688965e-01
526350079922080;-4.292393e-01;-1.153664e+00;2.993924e-01
526350282469580;-2.260367e+00;-1.253479e+00;-1.004796e-01
526350485598903;-5.869646e-01;1.507767e-01;3.404426e-01
526350687576767;2.569984e+00;1.305067e+00;-4.573840e-03
526350890366819;1.118447e+00;3.932899e-01;-2.803182e-01
526351092201767;-1.857487e-01;-2.143983e-01;-4.635700e-02
526351295378382;-1.816269e+00;-1.614744e+00;4.126467e-01
526351497108955;-1.571679e+00;-3.886168e-01;5.320097e-01
526351700370517;1.202625e+00;3.829053e-01;-7.694986e-01
526351902702496;2.276158e+00;7.136274e-01;3.273700e-01
526352106073590;-4.332711e-01;9.891274e-01;-1.758603e-01
526352307716923;-8.271567e-01;-1.479133e+00;5.306658e-01
526352510766090;-2.129398e+00;-1.086347e+00;-2.431776e-01
526352712409267;-3.908771e-01;2.205375e-01;3.626781e-01
526352915801871;2.744203e+00;1.700296e+00;-7.690028e-02
526353117291507;9.977404e-01;1.215774e-01;-2.081140e-01
526353320818798;-3.034012e-01;3.071581e-01;-6.724857e-02
526353522935048;-1.847667e+00;-1.193248e+00;4.709232e-01
526353726547757;-2.012845e+00;1.323286e-01;3.811261e-01
526353927857392;1.306838e+00;2.955516e-01;-8.618614e-01
526354131165882;2.442191e+00;1.097739e+00;3.691532e-01
526354332617913;-4.568505e-01;9.416021e-01;-2.252182e-01
526354536226923;-1.684001e-01;-1.103939e+00;3.527820e-01
526354737473590;-2.243996e+00;-1.400331e+00;-1.666973e-01
526354941266507;-6.269150e-01;2.037998e-01;4.350044e-01
526355143166507;2.605903e+00;1.575313e+00;-1.863672e-01
526355347020830;9.585230e-01;3.407556e-01;-1.298011e-01
526355547996871;-2.631293e-02;-4.164571e-02;-6.772968e-03
526355751165465;-1.846079e+00;-1.390557e+00;3.096549e-01
526355952826923;-1.721585e+00;-9.039266e-02;5.748924e-01
526356156252809;1.552650e+00;6.751429e-01;-7.264938e-01
526356357655934;2.053681e+00;6.729439e-01;2.012876e-01
526356561498434;-3.005913e-01;1.067929e+00;-1.427514e-01
526356763177757;-1.000886e+00;-1.446268e+00;4.566290e-01
526356967160309;-2.181810e+00;-9.479247e-01;-1.609552e-01
526357168395048;-1.724318e-01;2.811508e-02;8.546764e-02
526357371373121;2.865765e+00;9.721454e-01;-1.642460e-02
526357573251923;3.731925e-01;5.782598e-01;-3.337078e-01
526357776435673;-6.210968e-02;-1.194699e-01;1.012279e-01
526357978105257;-2.515953e+00;-1.930684e+00;8.974367e-02
526358181731819;-1.297278e+00;-3.699243e-01;4.214432e-01
526358383652392;1.968161e+00;1.353447e+00;-5.432343e-01
526358587300725;1.949223e+00;5.989071e-01;7.740418e-02
526358788794267;-2.178801e-01;1.063897e+00;-2.053040e-01
526358991581611;-1.278586e+00;-1.491594e+00;4.351266e-01
526359193675882;-2.176679e+00;-7.370541e-01;2.548069e-02
526359396617600;4.585914e-01;5.988011e-02;-1.321224e-01
526359598553017;2.585012e+00;9.098373e-01;1.557170e-01
526359801963850;4.674641e-02;1.121563e+00;-4.518490e-01
526360004126507;3.127170e-01;-8.431002e-01;2.561432e-01
526360207440986;-2.274784e+00;-1.468503e+00;1.976224e-01
526360409194528;-1.134910e+00;-2.858694e-01;5.428831e-01
526360611790934;1.962296e+00;1.534141e+00;-2.243630e-01
526360814100882;1.790276e+00;2.630536e-01;4.527271e-02
526361016800361;-1.113453e-01;7.260891e-01;-2.941237e-01
526361219000778;-1.305708e+00;-1.190804e+00;4.750771e-01
526361422195778;-2.098733e+00;-1.817297e-03;1.920024e-01
526361624600100;8.384271e-01;-1.871537e-01;-3.434816e-01
526361827580517;2.297783e+00;9.391586e-01;9.476055e-03
526362029593225;-2.158033e-01;1.108124e+00;-5.916148e-01
526362231999319;1.012356e-01;-7.359545e-01;1.885816e-01
526362434526403;-2.176557e+00;-1.480232e+00;2.181474e-01
526362636983538;-1.102534e+00;-4.533685e-01;3.428860e-01
526362839449059;2.323928e+00;1.220279e+00;-3.607080e-01
526363042427965;1.775127e+00;4.064847e-01;-1.483638e-02
526363245073694;-3.206277e-01;9.754442e-01;-1.965075e-01
526363447720048;-1.402469e+00;-1.530201e+00;4.656698e-01
526363649991923;-2.191706e+00;-8.577610e-01;2.230417e-02
526363852207653;4.026363e-01;5.554134e-01;-1.530140e-01
526364054951403;2.681528e+00;1.027367e+00;2.419712e-01
526364257166611;-2.837313e-01;8.939547e-01;-4.094550e-01
526364459897861;2.796080e-01;-8.250186e-01;1.397124e-01
526364662661194;-1.989021e+00;-1.211207e+00;1.039157e-01
526364865548850;-1.247065e+00;-1.623526e-01;5.426388e-01
526365067860517;2.000047e+00;1.385823e+00;-3.978485e-01
526365270391142;1.873965e+00;4.867523e-01;1.320155e-01
526365472415986;-1.935678e-01;7.516233e-01;-9.510402e-02
526365675375882;-1.320491e+00;-1.703931e+00;5.111182e-01
526365877349267;-2.095678e+00;-1.176373e-01;6.995163e-02
526366080346142;3.494910e-01;-7.475454e-02;-7.531198e-02
526366282893642;2.719280e+00;1.205984e+00;1.691561e-01
526366486022965;-7.139483e-02;7.251117e-01;-4.388987e-01
526366688000830;-1.879478e-01;-6.665603e-01;8.681151e-02
526366890790882;-2.225060e+00;-1.492816e+00;2.486907e-01
526367092624736;-1.127213e+00;-1.354744e-01;4.488099e-01
526367295800882;2.095709e+00;1.683192e+00;-4.658989e-01
526367497531819;1.678733e+00;2.344652e-01;1.566944e-01
526367700793903;-3.949088e-01;6.878490e-01;-2.097022e-01
526367903125569;-1.367772e+00;-1.210352e+00;4.650589e-01
526368106496559;-2.163240e+00;-6.520217e-01;5.602391e-02
526368308141142;8.130152e-01;2.819904e-01;-3.571649e-01
526368511190621;2.433884e+00;9.789871e-01;1.834503e-01
526368712834215;-2.937495e-01;9.942586e-01;-4.458626e-01
526368916226923;3.497354e-01;-6.983252e-01;1.101465e-01
526369117714892;-2.238132e+00;-1.931417e+00;2.115501e-01
526369321242184;-1.168508e+00;-4.118297e-01;5.807568e-01
526369523358017;2.541518e+00;1.528521e+00;-2.971780e-01
526369726970673;1.563768e+00;4.227337e-01;-2.601597e-01
526369928280778;-2.886182e-01;7.877864e-01;-8.911753e-02
526370131589319;-1.376935e+00;-1.432829e+00;4.302396e-01
526370333042757;-2.260978e+00;-1.293497e-02;2.648175e-01
526370536651923;6.993943e-01;-1.762803e-01;-4.248488e-01
526370737898590;2.462594e+00;6.786860e-01;2.554102e-01
526370941691507;8.181005e-02;7.995151e-01;-3.746357e-01
526371143591507;4.301252e-01;-7.833577e-01;2.720257e-01
526371347445830;-2.325730e+00;-1.542907e+00;1.163774e-01
526371548420830;-1.185001e+00;-5.401113e-01;5.090412e-01
526371751589423;1.957409e+00;1.348072e+00;-2.657796e-01
526371953250882;2.083125e+00;2.951851e-01;-3.927098e-02
526372156676767;-4.724886e-01;7.852208e-01;-1.274798e-01
526372358081975;-1.879432e+00;-1.840520e+00;4.137463e-01
526372561924475;-2.082362e+00;-6.448135e-01;1.832060e-01
526372763603798;8.207121e-01;-3.883725e-01;-4.068894e-01
526372967586350;2.607858e+00;1.177152e+00;3.367774e-01
526373168821090;-1.961334e-01;9.714124e-01;-3.605858e-01
526373371799007;-6.565266e-02;-8.131679e-01;4.756880e-01
526373573676403;-2.278327e+00;-1.598129e+00;-2.327929e-01
526373776860153;-1.283473e+00;1.466229e-01;5.158830e-01
526373978529736;2.400041e+00;1.531942e+00;-1.245477e-01
526374182156403;1.552284e+00;1.195004e-01;-3.792707e-02
526374384077392;-8.226823e-02;8.998190e-01;1.301903e-02
526374587726038;-1.705580e+00;-2.059577e+00;3.125871e-01
526374789220830;-1.979125e+00;1.341612e-01;1.678122e-01
526374992008173;8.054404e-01;-2.672541e-03;-3.415268e-01
526375194102444;2.314398e+00;1.334388e+00;2.012876e-01
526375397043955;2.727664e-01;1.010263e+00;-2.841055e-01
526375598978538;-1.954003e-01;-1.252257e+00;3.564472e-01
526375802389215;-2.174236e+00;-1.286588e+00;3.830881e-02
526376004551507;-1.084086e+00;-1.765246e-01;4.296288e-01
526376207865986;2.349340e+00;1.886610e+00;1.399643e-02
526376409619528;1.663950e+00;9.983056e-02;-5.735257e-02
526376612216403;-3.898997e-01;7.094735e-01;-7.274637e-02
526376814527444;-1.507660e+00;-1.389335e+00;2.974377e-01
526377017227080;-2.177046e+00;-2.708421e-01;1.371468e-01
526377219427861;9.665866e-01;-1.788459e-01;-3.432373e-01
526377422622861;2.157284e+00;1.027490e+00;-3.462841e-02
526377625027184;-1.868482e-01;1.502376e+00;-4.910665e-01
526377828007184;-1.837176e-02;-7.727286e-01;4.248640e-01
526378030019267;-2.257313e+00;-1.515174e+00;-5.771907e-02
526378232425361;-8.445053e-01;6.586654e-02;1.719661e-01
526378434952444;2.685926e+00;1.312519e+00;1.045336e-02
526378637409996;9.272467e-01;1.179121e-01;-2.032271e-01
526378839876142;5.920808e-02;-2.063348e-01;-2.289979e-02
526379042855309;-2.184987e+00;-1.427575e+00;1.670792e-01
526379245501298;-1.419573e+00;-3.192226e-01;6.325580e-01
526379448147653;1.663461e+00;1.226632e+00;-4.578355e-01
526379650419528;2.043419e+00;6.310386e-01;3.204062e-01
526379852634736;1.029460e-01;9.930369e-01;-2.782412e-01
526380055377965;-1.451460e+00;-1.615722e+00;5.713494e-01
526380257593173;-2.195005e+00;-5.754194e-01;8.009974e-03
526380460324423;4.433198e-01;-7.060069e-02;-6.113990e-02
526380663087757;2.336756e+00;1.019304e+00;2.902371e-02
526380865975413;-3.833182e-03;1.042028e+00;-4.335231e-01
526381068288017;1.472948e-01;-6.175690e-01;3.497277e-01
526381270819267;-2.278205e+00;-1.796049e+00;9.609666e-02
526381472844111;-9.933118e-01;-8.318439e-02;4.521085e-01
526381675804007;2.458318e+00;1.565784e+00;-2.365803e-01
526381877776767;1.290956e+00;5.905992e-01;-3.359069e-01
526382080773225;-2.131154e-01;9.865617e-01;-1.406745e-01
526382283320725;-1.703014e+00;-1.703931e+00;4.286514e-01
526382486450048;-2.146991e+00;-1.067639e-01;2.688492e-01
526382688428278;1.120891e+00;7.881688e-02;-5.003517e-01
526382891218486;2.369376e+00;6.761204e-01;4.403800e-01
526383093053069;-2.365726e-01;1.145875e+00;-3.010876e-01
526383296229528;-2.143371e-01;-8.887929e-01;3.977416e-01
526383497960465;-2.232512e+00;-1.419268e+00;-1.262581e-01
526383701222548;-6.850695e-01;2.609767e-01;3.228496e-01
526383903554632;2.575848e+00;1.188269e+00;6.775251e-02
526384106925725;9.499711e-01;5.004356e-01;-4.028577e-01
526384308569059;2.384358e-01;-2.980867e-01;8.168024e-02
526384511618225;-2.240698e+00;-1.827325e+00;3.908999e-01
526384713261819;-1.445963e+00;-4.003454e-01;5.927297e-01
526384916654528;1.530293e+00;1.027245e+00;-7.172086e-01
526385118144163;1.878607e+00;6.195543e-01;1.979889e-01
526385321671871;-1.257618e-01;1.143065e+00;-3.493459e-01
526385523787705;-1.240590e+00;-1.697456e+00;7.059840e-01
526385727400361;-2.269286e+00;-1.390924e+00;-1.535027e-01
526385928710465;3.970162e-01;-2.832885e-02;-4.085924e-02
526386132019007;2.540663e+00;1.763337e+00;6.763037e-02
526386333471038;1.504712e-01;8.442302e-01;-3.837987e-01
526386537080048;1.911549e-01;-6.063290e-01;1.905363e-01
526386738327184;-2.409785e+00;-1.663858e+00;2.653062e-01
526386942120153;-1.210047e+00;-1.938731e-01;4.651811e-01
526387144020153;2.201633e+00;1.799134e+00;-3.522781e-01
526387347874475;1.815689e+00;3.838827e-01;1.340924e-01
526387548851038;-2.887405e-01;4.648833e-01;-4.489094e-02
526387752019632;-1.676869e+00;-1.817674e+00;4.182667e-01
526387953681090;-2.057683e+00;-7.402149e-02;3.866239e-01
526388157106975;8.116713e-01;-6.754633e-02;-3.569207e-01
526388358510621;2.244027e+00;1.129138e+00;2.649397e-01
526388562353121;1.578016e-01;9.695798e-01;-2.911915e-01
526388764032444;-1.589928e-01;-1.170646e+00;4.161897e-01
526388968015048;-2.260367e+00;-1.690247e+00;-8.252019e-02
526389169250257;-8.383964e-01;2.160171e-01;3.930991e-01
526389372228330;2.482508e+00;1.128282e+00;-1.141630e-01
526389574107132;9.375094e-01;1.980576e-01;-3.213683e-01
526389777290882;2.127795e-01;9.164504e-02;5.797870e-02
526389978960465;-2.559325e+00;-2.009119e+00;1.896811e-01
526390182587132;-1.446207e+00;-7.100539e-01;4.238866e-01
526390384508121;1.607750e+00;1.055223e+00;-7.025478e-01
526390588156455;2.040242e+00;9.985347e-01;4.616381e-01
526390789649996;-1.252731e-01;9.220545e-01;-3.996812e-01
526390992437444;-1.074679e+00;-1.636980e+00;5.171046e-01
526391194532132;-2.228602e+00;-9.525670e-01;-1.062217e-01
526391397473955;4.832704e-01;7.197519e-02;4.100457e-03
526391599409788;2.469802e+00;1.263406e+00;3.113653e-01
526391802820621;-3.535384e-02;8.179631e-01;-3.255222e-01
526392004983278;4.185188e-01;-7.970410e-01;3.097771e-01
526392208297600;-2.327563e+00;-1.642356e+00;-2.241109e-02
526392410050778;-1.140286e+00;-2.936884e-01;5.857658e-01
526392612647340;1.836825e+00;1.853012e+00;-2.519741e-01
526392814957653;1.861137e+00;4.450912e-01;3.940839e-02
526393017657288;2.671012e-02;5.789929e-01;9.720374e-03
526393219858069;-1.778273e+00;-1.878516e+00;3.351891e-01
526393423053069;-2.064769e+00;-3.136027e-01;4.610272e-01
526393625457392;1.193706e+00;2.083202e-01;-7.844037e-01
526393828438017;2.187583e+00;1.005865e+00;3.553476e-01
526394030451038;-1.691332e-01;1.234451e+00;-2.496528e-01
526394232857340;-6.607571e-01;-1.284022e+00;4.435565e-01
526394435384736;-2.139661e+00;-1.685483e+00;-1.043891e-01
526394637841871;-5.340638e-01;7.376955e-01;1.575496e-01
526394840307392;2.667112e+00;1.695898e+00;7.667109e-02
526395043286559;4.611570e-01;3.083798e-01;-2.502636e-01
526395245932757;2.614043e-01;-5.099346e-01;-6.431642e-02
526395448579111;-2.191584e+00;-1.350240e+00;1.278616e-01
526395650850725;-1.440465e+00;-1.641851e-01;7.392150e-01
526395853066715;2.057957e+00;8.778279e-01;-7.464079e-01
526396055810725;1.955210e+00;7.935286e-01;1.608483e-01
526396258025934;-2.154826e-02;7.191252e-01;1.505858e-01
526396460757184;-1.581452e+00;-1.520794e+00;3.303021e-01
526396663520517;-2.249738e+00;-7.463238e-02;2.051971e-01
526396866408434;1.124923e+00;-1.104290e-01;-5.266188e-01
526397068720309;2.240361e+00;7.111838e-01;7.337249e-02
526397271250934;-3.707184e-01;1.114110e+00;-2.313268e-01
526397473276090;-2.023642e-01;-8.255073e-01;4.792309e-01
526397676236194;-2.156276e+00;-1.714071e+00;-3.082958e-01
526397878209892;-8.028443e-01;-2.834259e-01;3.531485e-01
526398081206975;2.634980e+00;1.804876e+00;-1.989510e-01
526398283754475;1.071533e+00;3.153589e-02;-6.590466e-02
526398486883798;-3.434739e-01;2.970178e-01;-1.041448e-01
526398688862028;-1.565081e+00;-1.019274e+00;3.698862e-01
526398891652236;-2.000261e+00;-1.149495e-01;2.893742e-01
526399093486090;1.176602e+00;5.813141e-01;-6.680951e-01
526399296662236;2.400164e+00;1.141233e+00;4.037281e-01
526399498393173;-4.241081e-01;1.101771e+00;-1.900324e-01
526399701655257;3.648392e-02;-8.947793e-01;2.975599e-01
526399903987340;-2.306915e+00;-1.713949e+00;-2.152000e-01
526400107358798;-9.088902e-01;-1.678503e-01;3.718411e-01
526400309003069;2.502300e+00;1.822225e+00;-7.091374e-02
526400512052444;1.366214e+00;1.956293e-02;-3.023017e-02
526400713696455;-2.767675e-01;1.502880e-01;-2.558760e-02
526400917089267;-1.688720e+00;-1.206809e+00;3.835696e-01
526401119370725;-1.734046e+00;-4.469996e-02;3.480172e-01
526401322815621;1.097678e+00;2.690401e-01;-5.642481e-01
526401524292809;2.168768e+00;9.962136e-01;3.136866e-01
526401727874371;-5.025430e-01;8.755066e-01;-1.681634e-01
526401929148642;-1.564272e-01;-7.501266e-01;3.257818e-01
526402132489267;-2.190362e+00;-9.741918e-01;-1.847789e-01
526402333910569;-9.493296e-01;-1.208137e-01;3.747731e-01
526402537548069;2.484585e+00;1.235306e+00;-2.297385e-01
526402738766403;1.240743e+00;3.727805e-02;-3.036532e-01
526402942584840;-1.417663e-01;6.767312e-01;-2.369468e-01
526403144455673;-1.649869e+00;-1.266674e+00;4.546743e-01
526403348340257;-2.003071e+00;-4.101193e-01;2.223013e-01
526403549285569;9.912655e-01;2.336589e-03;-5.749993e-01
526403752480673;2.420323e+00;8.730631e-01;4.055607e-01
526403954115757;-6.718748e-01;8.560809e-01;-3.228344e-01
526404157565549;3.653734e-01;-6.599630e-01;1.923689e-01
526404358947268;-2.159208e+00;-1.141935e+00;-6.883682e-02
526404562807476;-1.164965e+00;-1.723707e-01;4.544299e-01
526404764471018;2.387702e+00;1.769568e+00;-2.169104e-01
526404968469455;1.402500e+00;-1.324202e-01;5.358046e-02
526405169688622;-2.792110e-01;6.661022e-01;-2.678566e-01
526405372680705;-1.320491e+00;-1.358303e+00;4.235201e-01
526405574544247;-2.102398e+00;5.829182e-02;1.971337e-01
526405778036643;8.308524e-01;-1.974162e-01;-4.055454e-01
526405980074247;2.380127e+00;8.998188e-01;4.429456e-01
526406183606018;-1.405447e-01;7.473472e-01;-2.533180e-01
526406384955809;2.300059e-01;-8.286838e-01;1.128343e-01
526406588639247;-2.195005e+00;-1.059102e+00;1.257847e-01
526406790098518;-9.919680e-01;5.879587e-03;4.809414e-01
526406992916695;2.490327e+00;1.574947e+00;-5.808558e-02
526407194979091;1.262245e+00;-2.853808e-01;-2.098244e-01
526407398310080;-6.596575e-01;1.192560e-01;-2.329151e-01
526407600539403;-1.406989e+00;-7.425519e-01;5.833224e-01
526407803787007;-1.925858e+00;-1.371849e-01;2.321973e-01
526408005445080;1.158276e+00;-5.618416e-02;-6.172711e-01
526408208792893;2.251846e+00;9.246202e-01;3.751396e-01
526408410510445;-5.345525e-01;8.499725e-01;-2.478202e-01
526408613137268;-4.292854e-02;-6.161029e-01;3.026911e-01
526408815417059;-2.054384e+00;-9.449925e-01;-7.518983e-02
526409018572268;-1.089462e+00;4.741837e-02;2.947499e-01
526409221006018;2.544572e+00;1.465602e+00;-1.136743e-01
526409423957164;1.284481e+00;-2.802495e-01;-9.791398e-02
526409625936851;-2.607628e-01;4.432586e-01;-2.238743e-01
526409828936747;-1.250119e+00;-9.921513e-01;3.618228e-01
526410030925184;-2.047664e+00;-4.494433e-02;2.060523e-01
526410233349299;1.116982e+00;-2.407876e-01;-2.916803e-01
526410435854924;2.196501e+00;1.274646e+00;7.349464e-02
526410638826799;-5.708379e-01;5.923097e-01;-2.001728e-01
526410841472841;6.518691e-01;-5.219075e-01;-2.314414e-02
526411044119716;-2.056339e+00;-1.118478e+00;2.007989e-01
526411246428205;-1.237047e+00;-1.599091e-01;4.301175e-01
526411449074559;1.946291e+00;1.342085e+00;-2.633361e-01
526411651340705;1.481912e+00;-9.699005e-02;9.476018e-03
526411853555966;-2.276996e-02;8.285922e-01;-2.539288e-01
526412056294507;-1.002963e+00;-1.191782e+00;6.401328e-01
526412259078049;-2.121945e+00;-5.211745e-01;7.361683e-02
526412461940028;3.967719e-01;7.345676e-03;-7.030290e-02
526412664278257;2.374629e+00;7.556549e-01;4.050794e-02
526412866919039;-1.049923e-01;3.042259e-01;-1.653534e-01
526413069207997;1.826027e-01;-1.871537e-01;9.560795e-02
526413271755705;-2.050719e+00;-1.187994e+00;7.862594e-02
526413473759403;-1.341505e+00;-5.129889e-01;5.128285e-01
526413676734507;1.781480e+00;8.035467e-01;-7.001044e-01
526413879327684;1.793209e+00;5.073996e-01;3.395874e-01
526414082407684;-4.680903e-01;9.016516e-01;-3.906403e-01
526414284434716;-8.325322e-01;-1.258488e+00;5.686616e-01
526414487409924;-1.973139e+00;-1.344376e+00;-2.177656e-01
526414689338986;-1.541059e-01;1.225548e-01;2.242561e-01
526414892169611;2.656971e+00;1.781052e+00;-6.407210e-02
526415093960549;3.796677e-01;1.195004e-01;-2.831282e-01
526415297174195;-5.746704e-02;1.122922e-01;-1.459203e-02
526415499575132;-1.680290e+00;-1.149999e+00;1.606040e-01
526415702874195;-1.809305e+00;-4.249022e-01;3.219944e-01
526415904590341;1.306472e+00;1.383150e-01;-6.263119e-01
526416107901695;2.171700e+00;1.221623e+00;4.882718e-01
526416309469820;-4.537961e-01;9.187558e-01;-1.800142e-01
526416512584716;7.633408e-05;-1.003391e+00;1.113683e-01
526416714160341;-2.052185e+00;-1.280601e+00;-2.038379e-01
526416917612528;-1.088851e+00;-2.453080e-01;4.463665e-01
526417119821278;2.542618e+00;1.692599e+00;-7.983241e-02
526417323339820;1.585637e+00;-9.100360e-02;-4.782307e-02
526417524745080;-2.561204e-01;5.747167e-01;-6.627119e-02
526417728392893;-1.475528e+00;-1.416824e+00;4.975570e-01
526417929600028;-2.100077e+00;-9.344856e-01;6.824119e-02
526418132999768;5.370265e-01;1.686140e-01;-7.885502e-02
526418334359976;2.472001e+00;1.953561e+00;3.117318e-01
526418538051278;-1.500741e-01;2.976285e-01;-3.360290e-01
526418740067424;5.647597e-01;-6.824428e-01;1.012279e-01
526418943805705;-2.057438e+00;-1.096487e+00;5.516872e-02
526419144898414;-1.159467e+00;-4.719388e-01;4.762989e-01
526419348882789;1.758634e+00;1.355402e+00;-4.341339e-01
526419549729664;1.665782e+00;-8.733837e-02;2.500345e-01
526419753014664;-5.281994e-01;6.736769e-01;-3.525224e-01
526419954560497;-1.095082e+00;-1.434906e+00;6.363454e-01
526420158299664;-2.040700e+00;-9.440151e-01;-1.664530e-01
526420360070705;2.183994e-01;-5.482447e-03;7.825942e-02
526420563961643;2.608713e+00;1.193278e+00;1.927354e-01
526420764925966;1.393535e-01;5.232820e-01;-2.735987e-01
526420969012736;-1.435990e-01;-5.730981e-01;1.563279e-01
526421170142528;-1.921337e+00;-1.414259e+00;1.174769e-01
526421373214559;-1.339672e+00;-8.781188e-03;3.518046e-01
526421574998518;1.975857e+00;1.146731e+00;-4.941209e-01
526421778546747;1.542143e+00;5.088656e-01;-1.947895e-02
526421980535809;-2.332740e-01;8.477734e-01;-9.730312e-02
526422184116122;-1.026054e+00;-1.440404e+00;5.122177e-01
526422385416643;-2.033004e+00;-1.323484e+00;-9.156101e-02
526422589143726;1.829692e-01;8.704548e-04;1.922468e-01
526422790555914;2.504377e+00;1.892719e+00;6.616430e-02
526422993414143;3.058753e-01;4.646389e-01;-3.234453e-01
526423195436018;1.766931e-02;-2.592357e-01;2.802112e-01
526423398792684;-1.809427e+00;-1.432585e+00;-1.825721e-02
526423601000341;-1.600023e+00;-2.119548e-01;5.706164e-01
526423804269872;1.293888e+00;6.303054e-01;-6.739594e-01
526424005906122;2.133704e+00;8.041576e-01;5.632859e-01
526424209273101;1.859014e-01;9.479552e-01;-2.683453e-01
526424410970393;-7.140245e-01;-1.707718e+00;4.396469e-01
526424613614351;-1.998062e+00;-9.784679e-01;-9.314922e-02
526424815873934;-5.679055e-01;6.490458e-03;3.885787e-01
526425019038934;2.435350e+00;1.918741e+00;-1.373685e-02
526425221466070;1.082895e+00;4.411818e-01;-3.197801e-01
526425424424299;-6.210508e-01;-2.323576e-01;-4.085922e-02
526425626395757;-1.706924e+00;-1.457264e+00;4.362260e-01
526425829402736;-1.636797e+00;-4.561785e-01;4.319501e-01
526426031384195;1.171959e+00;7.174148e-01;-7.570370e-01
526426233814195;2.237185e+00;8.518051e-01;4.809414e-01
526426436313570;-5.082852e-01;9.938921e-01;-2.260734e-01
526426639286747;-3.658316e-01;-1.091111e+00;3.880900e-01
526426841932632;-2.045465e+00;-1.027948e+00;-3.098841e-01
526427044578986;-6.816486e-01;3.199863e-01;2.482019e-01
526427246885809;2.634247e+00;1.805976e+00;4.075229e-02
526427449531903;8.633505e-01;2.372751e-01;-2.282725e-01
526427651797268;-1.679114e-01;-6.459844e-03;-4.550178e-02
526427854013518;-1.905944e+00;-1.493182e+00;2.196135e-01
526428056752059;-1.703747e+00;-3.381594e-01;4.959687e-01
526428259533309;1.783557e+00;4.973813e-01;-7.743856e-01
526428462398466;1.939816e+00;9.704349e-01;2.606636e-01
526428664733570;6.617194e-02;1.207939e+00;-2.888630e-02
526428867376330;-1.216155e+00;-1.703076e+00;3.778274e-01
526429069661955;-2.191829e+00;-1.252257e+00;1.057560e-02
526429272211643;2.147342e-01;9.506583e-02;5.577958e-02
526429474212684;2.446589e+00;1.381425e+00;-4.415793e-02
526429677189455;1.717293e-01;8.763618e-01;-2.687118e-01
526429879778778;-1.962556e-01;-7.689412e-01;1.084361e-01
526430082862997;-2.049130e+00;-1.243217e+00;1.697670e-01
526430284887320;-1.221287e+00;-1.679725e-01;4.883939e-01
526430487866643;1.742018e+00;1.275867e+00;-6.491583e-01
526430689792320;1.793086e+00;8.448412e-01;1.984776e-01
526430892626486;-1.506850e-01;9.953582e-01;-3.208796e-01
526431094412736;-1.303387e+00;-1.613278e+00;4.852175e-01
526431297628361;-2.125855e+00;-1.322140e+00;-1.442175e-01
526431500025757;4.650666e-01;9.372196e-02;-2.271730e-01
526431703329039;2.529911e+00;1.070983e+00;3.691532e-01
526431905041122;-3.454287e-01;8.062346e-01;-2.552727e-01
526432108356122;5.723345e-01;-5.253284e-01;2.836321e-01
526432309921747;-2.101176e+00;-1.451521e+00;-1.912541e-01
526432513040289;-1.271988e+00;-2.264933e-01;5.755033e-01
526432714612893;2.266384e+00;1.657047e+00;-2.337703e-01
526432918067789;1.548985e+00;4.731911e-01;-1.045113e-01
526433120273257;-2.613736e-01;4.961596e-01;-2.230190e-01
526433323795601;-1.382310e+00;-1.516884e+00;5.219916e-01
526433525195705;-2.091158e+00;-3.370449e-02;3.382434e-01
526433728846643;1.073366e+00;-1.679725e-01;-4.470843e-01
526433930050914;2.158750e+00;1.065852e+00;1.361694e-01
526434133453570;-2.045633e-01;1.246546e+00;-3.714592e-01
526434334812268;-1.803731e-01;-1.175411e+00;3.227275e-01
526434538506174;-2.075275e+00;-1.559400e+00;-1.585118e-01
526434740520236;-9.974657e-01;3.075247e-01;4.976791e-01
526434944261643;2.624473e+00;1.637866e+00;-1.300455e-01
526435145350705;1.143860e+00;1.039995e-02;-1.289459e-01
526435349337684;-2.801884e-01;-3.993535e-02;-1.238146e-01
526435550180914;-2.089326e+00;-1.348407e+00;3.273700e-01
526435753468518;-1.578398e+00;-5.376678e-01;3.299356e-01
526435955011747;1.594311e+00;9.984125e-01;-7.246612e-01
526436158753049;1.934074e+00;1.296759e+00;3.339674e-01
526436360522424;-1.507309e-02;1.170188e+00;-2.544176e-01
526436564415184;-9.620355e-01;-1.348407e+00;4.244975e-01
526436765379247;-2.126710e+00;-1.675465e+00;-2.370690e-01
526436969467736;6.062930e-03;3.522399e-01;1.267621e-01
526437170596278;2.580491e+00;1.654115e+00;2.042197e-01
526437373669403;1.797928e-01;8.211396e-01;-3.781787e-01
526437575450705;2.278067e-01;-8.872046e-01;1.992106e-01
526437778999976;-2.146869e+00;-1.615478e+00;2.180253e-01
526437980988518;-1.162521e+00;-3.954585e-01;4.704345e-01
526438184569768;1.933952e+00;1.610255e+00;-3.062188e-01
526438385869299;1.606528e+00;1.940259e-01;5.761217e-02
526438589597424;-4.498867e-01;6.246855e-01;-9.803616e-02
526438791010653;-1.383654e+00;-1.533744e+00;5.779468e-01
526438993869507;-2.037402e+00;-4.663188e-01;1.228599e-02
526439195890757;6.704393e-01;1.377042e-01;-2.228969e-01
526439399247997;2.359602e+00;9.197333e-01;9.255363e-02
526439601455653;-5.841546e-01;8.339677e-01;-2.976668e-01
526439804725132;2.475988e-01;-6.687594e-01;2.315864e-01
526440006359872;-1.912663e+00;-1.088423e+00;6.591994e-02
526440209727424;-1.144440e+00;-5.019779e-02;2.703153e-01
526440411424507;2.337245e+00;1.838962e+00;-2.621144e-01
526440614069143;1.457966e+00;3.397935e-02;-8.178717e-02
526440816329768;-4.017505e-01;7.102066e-01;1.310381e-01
526441019495184;-1.459157e+00;-1.592265e+00;2.747135e-01
526441221922268;-2.022863e+00;-2.128100e-01;1.452102e-01
526441424880601;1.065791e+00;-8.355109e-02;-3.563098e-01
526441626852007;2.441702e+00;1.446421e+00;3.077002e-01
526441829858466;-3.994291e-01;7.973160e-01;-2.814178e-01
526442031838882;6.226234e-02;-1.136682e+00;1.273729e-01
526442234268986;-2.079551e+00;-1.328249e+00;7.398333e-02
526442436768257;-9.186642e-01;-2.607018e-01;3.389764e-01
526442639741695;2.272004e+00;2.053254e+00;-2.803103e-02
526442842387841;1.270797e+00;-8.941533e-02;-9.388228e-02
526443045034976;-4.076147e-01;1.919489e-01;-2.913062e-02
526443247342580;-1.508515e+00;-1.358548e+00;3.697641e-01
526443449989195;-1.899591e+00;-1.624748e-01;2.566319e-01
526443652255080;1.116371e+00;-2.991709e-02;-6.722490e-01
526443854470289;2.148854e+00;5.259698e-01;2.897408e-01
526444057207789;-3.482387e-01;1.197921e+00;-2.191095e-01
526444259989247;-4.145786e-01;-1.227456e+00;3.764836e-01
526444462854716;-1.955912e+00;-1.082070e+00;-1.194164e-01
526444665190028;-5.698603e-01;-2.506836e-01;2.212018e-01
526444867833101;2.519161e+00;2.002796e+00;-1.517923e-01
526445070119559;8.869298e-01;8.445968e-01;-3.967490e-01
526445272669976;-1.858708e-01;-8.697183e-02;-1.520290e-02
526445474671226;-1.767277e+00;-1.717003e+00;3.921217e-01
526445677648309;-1.673937e+00;-2.110996e-01;3.328678e-01
526445880237789;1.636461e+00;4.246885e-01;-6.414614e-01
526446083322059;1.969382e+00;1.420520e+00;3.179627e-01
526446285345289;-6.711875e-02;1.205251e+00;-3.370065e-01
526446488324195;-7.233096e-01;-1.723723e+00;3.470398e-01
526446690249507;-1.978881e+00;-1.377362e+00;-1.183169e-01
526446893083882;-5.093849e-01;1.761887e-01;2.957272e-01
526447094871382;2.464427e+00;1.411846e+00;1.133230e-01
526447298087841;6.754484e-01;4.502226e-01;-1.487379e-01
526447500485341;4.784599e-02;-3.669922e-01;-7.470112e-02
526447703788674;-1.474307e+00;-4.825679e-01;2.930395e-01
526447905501174;-1.637896e+00;1.149801e-01;3.399538e-01
526448108816330;1.502681e+00;4.168693e-01;-7.034031e-01
526448310380705;1.940549e+00;3.348913e-01;2.116723e-01
526448513499351;-3.650985e-01;8.295696e-01;-3.458029e-01
526448715071643;-1.261848e+00;-1.722379e+00;7.269977e-01
526448918526851;-2.001850e+00;-1.238574e+00;-2.670013e-01
526449120731903;5.013520e-01;-2.434753e-01;-4.904480e-02
526449324254247;2.360946e+00;9.888832e-01;2.497902e-01
526449525656226;-1.878412e-03;7.780126e-01;-4.432969e-01
526449729307424;3.428937e-01;-7.277690e-01;2.127718e-01
526449930511695;-2.068556e+00;-1.685360e+00;2.785008e-01
526450133914820;-1.314505e+00;-2.038914e-01;3.992077e-01
526450335272164;1.865657e+00;8.923665e-01;-5.998004e-01
526450538966382;1.686063e+00;6.168665e-01;4.288957e-01
526450740979924;-3.164737e-01;8.675654e-01;-3.362734e-01
526450944721851;-8.109077e-01;-1.353416e+00;6.631013e-01
526451145810914;-1.971184e+00;-1.239429e+00;-2.666348e-01
526451349797945;-1.807396e-01;7.857252e-02;2.306090e-01
526451550642736;2.395521e+00;1.112156e+00;-1.218599e-01
526451753930861;4.565144e-01;3.523620e-01;-1.283350e-01
526451955473570;2.011730e-01;1.970053e-03;7.312813e-02
526452159214924;-1.192576e+00;-7.425519e-01;2.491794e-01
526452360984820;-1.578398e+00;-2.076788e-01;2.287765e-01
526452564877476;2.373362e-01;2.724609e-01;1.818621e-01
526452765840601;2.208474e+00;1.631635e+00;-2.032270e-01
526452969929039;7.191407e-02;7.081296e-01;2.728808e-01
526453171057164;-9.142659e-01;-2.754740e+00;-2.482852e+00
526453374130914;-1.406867e+00;-2.047481e+00;-4.451677e-03
526453575913622;1.690339e+00;3.556225e+00;-2.312909e+00
526453779462997;5.160906e+00;3.898431e+00;-1.442427e+00
526453981451955;2.120143e+00;-2.820821e-01;-7.453085e-01
526454185033205;5.696289e-03;-9.803004e-01;-5.564213e-02
526454386332736;-9.790636e-02;1.388511e+00;1.167676e+00
526454590060549;5.309178e-01;2.383365e+00;9.076915e-01
