#time;x;y;z
525637184287093;5.419897e-02;2.912755e-01;-1.295568e-01
525637377223707;4.699077e-02;-2.360228e-01;-7.861066e-02
525637570011520;-2.247218e-01;-1.522137e+00;-1.024344e-01
525637762647666;-4.779864e-01;-3.550209e+00;4.516199e-01
525637955585687;-2.188576e-01;-1.205099e+00;3.128314e-01
525638148371624;-1.340405e+00;-1.031735e+00;1.175372e+00
525638341159645;-8.784692e-01;-2.091952e+00;1.116363e+00
525638533933239;-6.814043e-01;7.918181e-01;-1.287015e-01
525638726732822;-3.983296e-01;8.299361e-01;2.831671e+00
525638919494905;-1.333808e+00;1.540372e+00;3.279068e+00
525639112307405;-1.222188e-01;3.243845e-01;1.882151e-01
525639305094697;-2.026086e-01;-6.619177e-01;-4.537961e-02
525639497847093;-8.124959e-01;-5.545125e-02;2.230344e-01
525639690668551;5.494881e-01;2.653749e-01;-1.520291e-02
525639883455739;3.496788e+00;1.055345e+00;4.152124e-01
525640076200687;-3.510486e-01;-7.110311e-01;4.525972e-01
525640269029645;-1.846201e+00;-2.239904e+00;6.198521e-01
525640461767353;-1.805029e+00;-4.407847e-01;-8.630753e-02
525640654603812;3.656957e+00;1.189735e+00;-1.481645e+00
525640847390791;-4.810507e-03;-5.614915e-01;7.069614e-01
525641040124124;-1.313038e+00;-2.209360e+00;7.637718e-01
525641232964749;-1.994275e+00;-1.465938e+00;1.016425e+00
525641425751832;3.069671e+00;1.098717e+00;-2.243027e+00
525641618481832;8.511331e-01;-4.993796e-03;4.086150e-01
525641811325843;-1.215422e+00;-2.067396e+00;1.255762e+00
525642004051520;-2.046809e+00;-4.422508e-01;1.419474e+00
525642196899853;3.134179e+00;1.544526e+00;-2.265262e+00
525642389687145;3.355633e-01;-1.862985e-01;4.483213e-01
525642582411155;-9.639903e-01;-1.458730e+00;1.545801e+00
525642775260582;-1.785725e+00;-3.568519e-01;1.117707e+00
525642968048447;3.120373e+00;1.647884e+00;-2.311565e+00
525643160772249;-2.985604e-02;8.761337e-02;4.836293e-01
525643353622770;-9.138994e-01;-1.167958e+00;1.248554e+00
525643546408707;-1.814559e+00;-8.170330e-03;1.061263e+00
525643739190009;3.321714e+00;1.737070e+00;-2.303502e+00
525643931983447;-4.689455e-01;2.011119e-01;4.830184e-01
525644124770009;-1.304975e+00;-1.518350e+00;1.195775e+00
525644317546884;-1.272599e+00;-5.275275e-01;7.949259e-01
525644510344384;3.522322e+00;1.745989e+00;-2.148587e+00
525644703131676;-7.466447e-01;4.309194e-01;8.412294e-01
525644895904124;-1.489334e+00;-1.775646e+00;1.008118e+00
525645088705270;-8.508582e-01;-1.164156e-01;6.490515e-01
525645281474124;3.769967e+00;2.518488e+00;-1.695203e+00
525645474279541;-7.633824e-01;-2.556926e-01;9.388458e-01
525645667066937;-2.453767e+00;-1.613156e+00;1.108422e+00
525645859833551;6.678285e-02;3.006829e-01;2.903517e-01
525646052640843;3.459647e+00;2.120449e+00;-1.686895e+00
525646245427822;-1.341505e+00;-1.348285e+00;1.023878e+00
525646438192562;-2.460975e+00;-1.032102e+00;1.203472e+00
525646631001937;8.073952e-01;6.322603e-01;3.977489e-02
525646823789020;3.275899e+00;1.885877e+00;-1.335282e+00
525647016551937;-1.757137e+00;-2.201175e+00;9.735428e-01
525647209362926;-2.447781e+00;1.862068e-01;1.358876e+00
525647402124645;1.937984e+00;1.150274e+00;-6.136060e-01
525647594936832;2.599795e+00;1.139156e+00;-9.247805e-01
525647787724541;-1.577054e+00;-2.191767e+00;1.321003e+00
525647980484905;-3.061578e+00;3.246288e-01;1.281052e+00
525648173298187;2.795637e+00;1.533774e+00;-1.270530e+00
525648366085582;1.952156e+00;4.112494e-01;-7.873283e-02
525648558845843;-1.547610e+00;-1.863977e+00;1.049412e+00
525648751659905;-3.337811e+00;2.042884e-01;1.252097e+00
525648944446364;3.474797e+00;1.955271e+00;-1.747982e+00
525649137230895;1.352531e+00;-1.446375e-01;6.233951e-01
525649330020843;-1.483714e+00;-1.908082e+00;9.751312e-01
525649522807405;-2.958097e+00;6.535183e-01;1.024000e+00
525649715590530;3.795012e+00;1.551856e+00;-1.510478e+00
525649908381780;4.295143e-01;-2.109774e-01;4.942583e-01
525650101169072;-1.440587e+00;-1.562943e+00;8.621210e-01
525650293950426;-2.513021e+00;5.230377e-01;8.321886e-01
525650486742926;4.102766e+00;1.593029e+00;-9.676631e-01
525650679522457;-3.824471e-01;-4.853778e-01;2.114279e-01
525650872317249;-1.439365e+00;-1.155618e+00;8.323109e-01
525651065104332;-1.681023e+00;2.267683e-01;4.819188e-01
525651257882926;4.298121e+00;2.050200e+00;-8.045622e-01
525651450678499;-1.324767e+00;-6.200124e-01;3.843026e-01
525651643465478;-1.668317e+00;-1.069609e+00;9.148998e-01
525651836242978;-9.404109e-01;2.013563e-01;2.788674e-01
525652029039437;4.359451e+00;2.097481e+00;-7.763404e-01
525652221816624;-1.226174e+00;-6.996692e-01;3.496055e-01
525652414614020;-2.710942e+00;-1.273638e+00;8.192384e-01
525652607400791;5.688702e-02;2.486372e-01;9.756275e-02
525652800177197;4.224817e+00;2.007561e+00;-6.029769e-01
525652992974801;-1.503628e+00;-1.600084e+00;4.875387e-01
525653185762405;-3.039098e+00;-3.507433e-01;9.052480e-01
525653378537614;9.444733e-01;4.812545e-01;-4.696791e-02
525653571335947;3.690921e+00;1.674273e+00;-5.201436e-01
525653764112249;-2.262689e+00;-2.180283e+00;7.713466e-01
525653956910166;-2.622244e+00;1.027368e+00;7.350611e-01
525654149697666;2.053681e+00;8.439860e-01;-3.330969e-01
525654342484124;3.175107e+00;1.017105e+00;-2.551505e-01
525654535270009;-2.313879e+00;-2.250166e+00;4.844845e-01
525654728058968;-3.177520e+00;7.616414e-01;6.916898e-01
525654920845582;3.203940e+00;1.256198e+00;-6.961948e-01
525655113631364;1.831571e+00;5.511525e-02;1.987219e-01
525655306419593;-1.744553e+00;-2.106735e+00;6.596805e-01
525655499203916;-3.270371e+00;1.242514e+00;5.905305e-01
525655691994072;4.148337e+00;1.666943e+00;-4.666319e-01
525655884780843;3.727038e-01;-4.081645e-01;2.164370e-01
525656077564853;-1.647426e+00;-1.803380e+00;7.933377e-01
525656270355062;-2.399034e+00;6.519302e-01;3.031798e-01
525656463142457;4.569955e+00;1.703961e+00;-3.515450e-01
525656655926155;-1.239735e+00;-3.925264e-01;8.644500e-02
525656848716520;-1.663308e+00;-1.007911e+00;8.112971e-01
525657041499384;-1.307907e+00;-1.343750e-01;1.558468e-02
525657234290843;4.597811e+00;1.740247e+00;-4.327900e-01
525657427077718;-1.003941e+00;-3.817752e-01;3.004920e-01
525657619860582;-3.161026e+00;-1.219882e+00;7.824642e-01
525657812651780;1.602451e-01;-1.244790e-01;8.363499e-02
525658005438707;4.662318e+00;2.074634e+00;-6.391401e-01
525658198221676;-2.095556e+00;-1.327272e+00;6.761738e-01
525658391012614;-2.819553e+00;-2.121991e-01;5.541230e-01
525658583795582;7.580374e-01;4.399601e-01;1.949417e-02
525658776587614;4.118404e+00;1.785695e+00;-6.248458e-01
525658969373759;-2.420048e+00;-1.951331e+00;6.229063e-01
525659162156780;-2.714118e+00;7.991485e-01;6.149652e-01
525659354947926;1.773539e+00;4.348288e-01;-1.916206e-01
525659547735947;3.525132e+00;1.338176e+00;-3.284543e-01
525659740521884;-2.285291e+00;-1.662148e+00;4.975570e-01
525659933308655;-3.013930e+00;4.942049e-01;6.880246e-01
525660126097041;2.634614e+00;7.926733e-01;-6.366966e-01
525660318882405;2.558378e+00;8.221170e-01;-7.274634e-02
525660511670843;-2.012112e+00;-1.914313e+00;5.999379e-01
525660704457614;-3.284299e+00;1.272813e+00;5.972501e-01
525660897243239;3.305832e+00;1.488815e+00;-7.563040e-01
525661090032041;1.988930e+00;1.601840e-01;2.282877e-01
525661282818968;-1.979003e+00;-1.773936e+00;3.378769e-01
525661475604853;-3.269394e+00;6.281065e-01;7.448350e-01
525661668392874;3.946262e+00;2.158445e+00;-5.833071e-01
525661861177978;8.268206e-01;-2.702313e-01;4.485656e-01
525662053967301;-1.330509e+00;-1.863244e+00;7.384821e-01
525662246754280;-2.881006e+00;1.192423e+00;4.271853e-01
525662439539437;4.304351e+00;1.677328e+00;-6.299770e-01
525662632328499;-2.550207e-01;2.006233e-01;-1.343216e-01
525662825115270;-9.027817e-01;-7.296016e-01;5.780690e-01
525663017900999;-2.246929e+00;5.482053e-01;2.075184e-01
525663210689645;4.502027e+00;1.788505e+00;-5.968682e-01
525663403474332;-1.165087e+00;-2.748739e-01;-1.934532e-01
525663596263707;-1.201861e+00;-7.908102e-01;4.842401e-01
525663789050478;-1.805640e+00;5.147299e-01;2.627405e-01
525663981836207;4.632752e+00;2.027231e+00;-3.550881e-01
525664174625009;-1.465266e+00;-5.965552e-01;7.288380e-02
525664367411624;-1.970451e+00;-1.028314e+00;5.360414e-01
525664560197457;-7.297849e-01;-5.752814e-02;1.540066e-01
525664752985478;4.571910e+00;1.939144e+00;-4.584464e-01
525664945773499;-1.370216e+00;-5.717540e-01;1.943237e-01
525665138560374;-2.988274e+00;-1.061301e+00;6.352459e-01
525665331347093;4.329352e-01;5.763051e-01;1.620701e-01
525665524134489;4.226161e+00;1.885266e+00;-6.655294e-01
525665716920530;-1.872224e+00;-1.583346e+00;6.666444e-01
525665909708551;-3.077460e+00;-2.002101e-02;3.871126e-01
525666102495322;1.054062e+00;6.089252e-01;-5.637517e-02
525666295281676;3.857565e+00;1.646174e+00;-1.249142e-01
525666488069853;-2.507768e+00;-2.228419e+00;5.742816e-01
525666680855895;-2.723892e+00;2.603658e-01;4.545521e-01
525666873643707;1.772684e+00;5.717847e-01;-2.452546e-01
525667066430791;3.364108e+00;1.342696e+00;-3.352882e-02
525667259216937;-2.358961e+00;-2.267881e+00;5.510687e-01
525667452004957;-3.153574e+00;5.808255e-01;5.094078e-01
525667644791937;2.776578e+00;1.164446e+00;-5.510534e-01
525667837578239;2.523436e+00;6.840616e-01;5.228468e-01
525668030366259;-2.002949e+00;-2.312963e+00;5.542453e-01
525668223152041;-3.547582e+00;6.177217e-01;4.379366e-01
525668415940062;3.628491e+00;1.497611e+00;-6.531900e-01
525668608727614;1.835480e+00;3.880365e-01;3.510716e-01
525668801513447;-1.863183e+00;-2.254198e+00;5.586435e-01
525668994301572;-3.469269e+00;9.975575e-01;3.191844e-01
525669187088343;3.907289e+00;1.875492e+00;-5.889270e-01
525669379875270;1.098167e+00;-2.698499e-02;4.822853e-01
525669572663134;-1.688231e+00;-2.210215e+00;5.840554e-01
525669765448707;-3.241905e+00;8.409318e-01;3.018359e-01
525669958237249;4.085907e+00;1.735116e+00;-5.350487e-01
525670151023707;4.912114e-01;-2.683987e-01;3.166188e-01
525670343811207;-1.605643e+00;-2.038807e+00;7.403146e-01
525670536598239;-2.613081e+00;7.396503e-01;2.147266e-01
525670729384853;4.342469e+00;1.824302e+00;-2.301050e-01
525670922172718;-6.409650e-01;-3.332725e-01;2.100840e-01
525671114959020;-1.657078e+00;-1.169302e+00;7.001197e-01
525671307746832;-1.861228e+00;1.147357e-01;1.221195e-01
525671500533655;4.512901e+00;1.849958e+00;-3.372508e-01
525671693320426;-1.318658e+00;-6.748679e-01;2.412381e-01
525671886107614;-1.942718e+00;-8.041272e-01;6.202186e-01
525672078894384;-1.046701e+00;-2.946658e-01;5.162570e-02
525672271681884;4.496774e+00;2.095403e+00;-2.665127e-01
525672464468759;-1.182436e+00;-8.570279e-01;1.415450e-01
525672657255166;-2.738186e+00;-9.778571e-01;6.797168e-01
525672850042926;-1.824500e-01;3.874413e-02;7.178422e-02
525673042829853;4.477348e+00;2.026987e+00;-3.175808e-01
525673235617041;-1.661598e+00;-1.190682e+00;4.612716e-01
525673428404124;-2.998659e+00;-6.047408e-01;4.964573e-01
525673621190426;5.940813e-01;2.890764e-01;4.722747e-02
525673813978082;4.083097e+00;1.837497e+00;-3.853869e-01
525674006765634;-2.180100e+00;-1.951697e+00;4.379365e-01
525674199551989;-2.780946e+00;3.199862e-01;4.888827e-01
525674392339697;1.262001e+00;5.715403e-01;-1.245477e-01
525674585125843;3.617984e+00;1.492480e+00;-5.588645e-02
525674777913395;-2.330251e+00;-2.100749e+00;5.419058e-01
525674970701259;-2.917414e+00;5.286576e-01;4.628598e-01
525675163487353;2.020572e+00;6.288394e-01;-5.096368e-01
525675356275374;3.114753e+00;1.017472e+00;4.565068e-01
525675549061832;-2.233123e+00;-2.194089e+00;6.409880e-01
525675741849332;-3.323517e+00;8.217505e-01;3.930991e-01
525675934636364;2.988304e+00;9.522312e-01;-7.098783e-01
525676127422926;2.308167e+00;4.075842e-01;2.839986e-01
525676320210322;-1.969352e+00;-2.324936e+00;5.541230e-01
525676512997093;-3.531577e+00;8.593797e-01;4.595611e-01
525676705784801;3.719265e+00;1.703473e+00;-6.314432e-01
525676898571989;1.504514e+00;-9.845611e-02;5.687838e-01
525677091358759;-1.732336e+00;-2.344483e+00;4.646925e-01
525677284145947;-3.485885e+00;7.334195e-01;3.794157e-01
525677476932457;3.990245e+00;1.766270e+00;-4.004142e-01
525677669719853;6.620094e-01;-4.887986e-01;3.645106e-01
525677862506937;-1.503995e+00;-2.038807e+00;7.477672e-01
525678055293655;-2.911916e+00;7.073967e-01;2.070297e-01
525678248081155;4.166785e+00;1.675984e+00;-4.162967e-01
525678440868082;-2.454912e-01;8.370379e-02;2.431929e-01
525678633655270;-1.339306e+00;-1.484141e+00;6.712869e-01
525678826442353;-2.458654e+00;2.231031e-01;-2.326631e-02
525679019228916;4.493598e+00;1.542082e+00;-1.608331e-01
525679212016572;-1.187933e+00;-5.886140e-01;1.756312e-01
525679404803968;-1.370215e+00;-1.014020e+00;6.674996e-01
525679597590270;-1.629955e+00;5.401567e-02;2.975674e-02
525679790378395;4.577530e+00;1.777387e+00;-1.917428e-01
525679983164697;-1.179992e+00;-6.355283e-01;1.740430e-01
525680175951780;-2.580827e+00;-7.963079e-01;6.837484e-01
525680368739645;-2.641836e-01;7.466294e-02;-4.391354e-02
525680561525947;4.359329e+00;2.068403e+00;-1.616882e-01
525680754314489;-1.778762e+00;-1.557445e+00;3.388543e-01
525680947100947;-3.022971e+00;9.726500e-02;3.638997e-01
525681139888447;1.290345e+00;5.662869e-01;-1.417741e-01
525681332675687;3.640463e+00;1.505064e+00;9.476042e-03
525681525462249;-2.506424e+00;-2.373316e+00;7.070836e-01
525681718250218;-2.964817e+00;8.276148e-01;3.309130e-01
525681911037093;2.749578e+00;9.892496e-01;-4.138532e-01
525682103824801;2.588555e+00;5.402641e-01;2.864421e-01
525682296611780;-2.238376e+00;-2.315040e+00;5.594987e-01
525682489398395;-3.483075e+00;8.718414e-01;3.524155e-01
525682682185947;3.808329e+00;1.592784e+00;-5.769540e-01
525682874973082;1.268476e+00;-1.048091e-01;4.516199e-01
525683067760687;-1.709123e+00;-2.108446e+00;6.444088e-01
525683260547926;-3.219303e+00;8.691537e-01;2.209574e-01
525683453334645;4.153834e+00;1.815383e+00;-3.680384e-01
525683646121884;1.191951e-01;-2.811047e-01;3.829587e-01
525683838909020;-1.565936e+00;-1.720302e+00;6.657891e-01
525684031696103;-2.423957e+00;4.354396e-01;6.286560e-02
525684224483499;4.465986e+00;1.799379e+00;-1.969962e-01
525684417270166;-1.141874e+00;-5.619803e-01;1.777082e-01
525684610057822;-1.264536e+00;-8.820733e-01;6.562597e-01
525684802845322;-1.733924e+00;1.131474e-01;-2.827542e-02
525684995632093;4.549797e+00;1.911900e+00;-1.895437e-01
525685188419801;-1.733558e+00;-7.087100e-01;1.843055e-01
525685381206259;-1.839970e+00;-6.004646e-01;6.084900e-01
525685573993343;-7.749888e-01;-4.873175e-02;-9.070579e-02
525685766781207;4.535625e+00;1.776288e+00;-1.605886e-01
525685959567614;-1.288970e+00;-8.897703e-01;3.063563e-01
525686152355634;-3.143311e+00;-7.082213e-01;4.514979e-01
525686345142093;3.502240e-01;1.292743e-01;-4.696787e-02
525686537929437;4.003317e+00;1.814772e+00;-8.459711e-02
525686730717405;-2.142104e+00;-2.149496e+00;5.827114e-01
525686923504020;-2.729878e+00;5.161960e-01;4.251084e-01
525687116291676;1.477147e+00;4.218785e-01;-2.624809e-01
525687309078447;3.407480e+00;1.396574e+00;-2.289979e-02
525687501865739;-2.590601e+00;-2.351448e+00;6.775178e-01
525687694653082;-2.960052e+00;4.667161e-01;5.533900e-01
525687887439853;2.887267e+00;9.012852e-01;-6.812898e-01
525688080229051;2.303891e+00;3.998874e-01;5.136838e-01
525688273016186;-2.118403e+00;-2.291827e+00;5.444714e-01
525688465803946;-3.347585e+00;1.222844e+00;4.406243e-01
525688658591238;3.920728e+00;1.842628e+00;-5.712119e-01
525688851377957;7.989653e-01;-3.958251e-01;5.123399e-01
525689044165196;-1.556529e+00;-2.083889e+00;5.757477e-01
525689236952384;-3.056935e+00;7.859538e-01;2.307312e-01
525689429739467;4.399280e+00;1.565784e+00;-2.298607e-01
525689622526967;-5.080409e-01;-4.534907e-01;1.017166e-01
525689815313790;-1.447062e+00;-1.160139e+00;6.844816e-01
525690008100717;-2.004781e+00;2.166279e-01;5.748999e-02
525690200888217;4.759690e+00;1.859366e+00;-1.993175e-01
525690393674988;-1.693607e+00;-6.813432e-01;1.305494e-01
525690586462696;-1.734046e+00;-6.119490e-01;5.223581e-01
525690779249207;-9.675332e-01;-8.294013e-02;-5.930734e-02
525690972036290;4.549553e+00;1.948307e+00;-2.329150e-01
525691164824154;-1.342604e+00;-9.624631e-01;1.982333e-01
525691357610613;-2.916925e+00;-5.707769e-01;4.378144e-01
525691550398634;4.786279e-01;2.862666e-01;5.968910e-02
525691743185092;4.048155e+00;1.686124e+00;-2.189873e-01
525691935980717;-2.368857e+00;-2.117609e+00;3.752618e-01
525692128759936;-2.738186e+00;6.762425e-01;4.093481e-01
525692321546550;1.646113e+00;5.077660e-01;-2.530736e-01
525692514366654;3.433502e+00;1.248745e+00;5.284747e-02
525692707120717;-2.438740e+00;-2.349248e+00;7.197896e-01
525692899978946;-3.068297e+00;1.072083e+00;2.934059e-01
525693092695561;2.777556e+00;8.847917e-01;-5.949135e-01
525693285482488;2.378783e+00;2.923751e-01;5.757476e-01
525693483151967;-2.121091e+00;-2.019015e+00;6.907123e-01
525693683459519;-2.771783e+00;6.145450e-01;2.953607e-01
525693881731811;4.370814e+00;1.550512e+00;-3.560654e-01
525694081102957;-4.964345e-01;-5.010160e-01;2.312199e-01
525694281836342;-2.466962e+00;-6.608182e-01;4.786201e-01
525694479411134;-1.117684e+00;-2.131765e-01;-1.425071e-01
525694678604884;4.534525e+00;1.923140e+00;-2.387794e-01
525694879656290;-1.696295e+00;-1.446024e+00;3.463068e-01
525695077173165;-3.056935e+00;2.316552e-01;3.646328e-01
525695276414623;1.237322e+00;1.662927e-01;-2.371911e-01
525695477738477;3.062707e+00;1.212826e+00;-2.440328e-01
525695675032123;-2.228847e+00;-2.084866e+00;3.847913e-01
525695874198894;-3.441047e+00;8.074563e-01;5.119734e-01
525696075976498;3.671862e+00;1.570915e+00;-5.548408e-01
525696278266394;5.982352e-01;-2.125656e-01;3.805152e-01
525696480246238;-1.929645e+00;-1.702465e+00;5.981053e-01
525696677634154;-2.302395e+00;1.379486e-01;2.190026e-01
525696877042071;4.762744e+00;1.583255e+00;-3.427484e-01
525697079162123;-1.107055e+00;-9.702822e-01;3.813705e-01
525697281228998;-3.045817e+00;-6.103607e-01;4.530860e-01
525697483763790;1.231457e+00;6.946907e-01;-9.583706e-02
525697686226029;3.711202e+00;1.343673e+00;5.687917e-02
525697889135352;-2.018954e+00;-2.025856e+00;4.583394e-01
525698091731134;-3.289430e+00;8.697644e-01;4.214432e-01
525698294320300;3.671129e+00;1.528888e+00;-4.691975e-01
525698497284571;8.496668e-01;-4.795135e-01;5.500914e-01
525698699901550;-1.453537e+00;-1.257877e+00;7.128257e-01
525698902540352;-2.491885e+00;6.119795e-01;-3.291799e-02
525699105518790;4.456457e+00;1.509462e+00;-3.445811e-01
525699308180457;-1.310473e+00;-4.630202e-01;1.772195e-01
525699510512592;-2.860237e+00;-6.883070e-01;6.269382e-01
525699713426654;2.577392e-01;9.909756e-02;5.028183e-02
525699915457904;3.689454e+00;1.433104e+00;-1.757381e-01
525700118534259;-2.614547e+00;-2.204840e+00;6.514949e-01
525700321228998;-3.230787e+00;1.089309e+00;4.655476e-01
525700524274363;3.630934e+00;1.424308e+00;-6.894754e-01
525700726173113;4.623787e-01;-2.514167e-01;4.726336e-01
525700928979779;-1.687498e+00;-1.420123e+00;5.087969e-01
525701130964936;-1.885541e+00;2.435059e-01;7.349465e-02
525701334122175;4.532815e+00;1.684780e+00;-2.175213e-01
525701535850561;-1.217499e+00;-7.149408e-01;5.932259e-02
525701739236394;-3.081003e+00;-5.151880e-01;5.778246e-01
525701941625457;1.121257e+00;-5.801680e-02;-1.218599e-01
525702145012019;3.763858e+00;1.598526e+00;-6.236163e-02
525702346478165;-2.344545e+00;-2.236971e+00;4.210767e-01
525702549227279;-3.178741e+00;4.911505e-01;5.619422e-01
525702751330404;3.753351e+00;1.571892e+00;-4.887452e-01
525702954378894;1.028772e+00;-1.123839e-01;4.163119e-01
525703156183582;-1.728915e+00;-1.536676e+00;4.576064e-01
525703359752748;-2.347477e+00;1.853517e-01;-9.460768e-03
525703561695300;4.820166e+00;1.918742e+00;-1.075656e-01
525703765436186;-1.158490e+00;-7.678416e-01;1.968893e-01
525703966940613;-2.852418e+00;-3.531866e-01;3.698863e-01
525704169701342;7.500961e-01;5.616443e-01;-2.632060e-02
525704371822175;3.631544e+00;1.350026e+00;-1.065883e-01
525704574811082;-2.288101e+00;-1.597518e+00;3.791713e-01
525704776700300;-3.426264e+00;9.348827e-01;5.828336e-01
525704980193425;3.725129e+00;8.737962e-01;-2.060370e-01
525705182251446;4.064236e-01;-2.335794e-01;5.525348e-01
525705385785613;-1.868925e+00;-1.251769e+00;3.940765e-01
525705587421863;-2.404287e+00;5.571240e-01;2.363512e-01
525705790107332;4.327198e+00;1.211482e+00;-4.345004e-01
525705992330873;-1.254884e+00;-4.262462e-01;3.146717e-02
525706195181342;-2.431043e+00;-9.530561e-01;3.316461e-01
525706397233425;1.499826e-01;4.607441e-02;7.642680e-02
525706600588946;3.709002e+00;1.780564e+00;-2.652909e-01
525706802818529;-2.451202e+00;-2.031843e+00;5.952953e-01
525707006088686;-2.679421e+00;5.318341e-01;5.609647e-01
525707207913009;3.382312e+00;1.353447e+00;-7.488514e-01
525707410471186;1.264078e+00;-2.770730e-01;8.990172e-01
525707612847123;-1.742599e+00;-2.056400e+00;5.686616e-01
525707815513009;-2.463785e+00;6.250522e-01;3.069671e-01
525708017773790;4.648391e+00;1.480874e+00;-2.271729e-01
525708220955665;-9.082795e-01;-4.247801e-01;-2.125122e-01
525708423390144;-2.036791e+00;-7.884887e-01;6.235173e-01
525708626363582;-3.059668e-01;-1.244789e-01;-1.580231e-01
525708828409727;4.312048e+00;1.783618e+00;-2.728656e-01
525709030810300;-1.915595e+00;-1.983829e+00;5.353084e-01
525709233368217;-2.791087e+00;9.598059e-01;4.815523e-01
525709435822332;2.381349e+00;1.299935e+00;-5.146459e-01
525709638317644;2.521237e+00;2.580445e-01;4.877831e-01
525709841304884;-2.748082e+00;-2.064830e+00;6.295038e-01
525710043962332;-3.308490e+00;9.154572e-01;3.919995e-01
525710246620665;4.299220e+00;1.315329e+00;-6.517164e-02
525710448907384;-3.856236e-01;-2.335794e-01;8.302413e-02
525710651134363;-1.339672e+00;-5.726092e-01;4.193662e-01
525710853891654;-1.421650e+00;2.701552e-02;7.056250e-02
525711056118165;4.491643e+00;1.396208e+00;-1.988288e-01
525711258863217;-1.522076e+00;-7.881224e-01;1.982333e-01
525711461644571;-3.550270e+00;-4.231918e-01;4.750772e-01
525711664535873;1.097434e+00;3.296379e-01;-1.513035e-01
525711866867957;3.320126e+00;1.844460e+00;-4.215501e-01
525712069404519;-2.314368e+00;-2.076925e+00;3.430082e-01
525712271448894;-3.237629e+00;3.361131e-01;5.326206e-01
525712474415457;3.971552e+00;1.589852e+00;-6.509908e-01
525712676406707;2.958572e-01;-2.442084e-01;5.386070e-01
525712879410040;-1.675525e+00;-1.639301e+00;5.674399e-01
525713081979259;-1.841681e+00;5.653095e-01;2.885190e-01
525713285109571;4.764455e+00;1.743423e+00;-2.098244e-01
525713487109519;-1.001620e+00;-8.300277e-01;8.998799e-02
525713689902227;-2.963961e+00;-8.555618e-01;6.020148e-01
525713891757488;7.762411e-01;1.374598e-01;-1.570457e-01
525714094937123;4.101666e+00;1.791682e+00;-1.275147e-03
525714296688998;-2.470383e+00;-2.168432e+00;3.072115e-01
525714499955196;-3.080392e+00;6.601158e-01;4.800862e-01
525714702309259;3.376814e+00;1.628703e+00;-5.908818e-01
525714905681186;1.705366e+00;-2.271042e-01;8.937638e-01
525715107347436;-1.733069e+00;-2.191767e+00;5.989605e-01
525715310398894;-2.982776e+00;9.154572e-01;2.451477e-01
525715512063217;4.622123e+00;1.334266e+00;-2.254625e-01
525715715458842;-1.277975e+00;-2.834259e-01;-3.096323e-02
525715916967852;-2.098855e+00;-8.051043e-01;6.930337e-01
525716120499311;-7.022961e-01;-2.190408e-01;-1.030847e-03
525716322636082;4.482480e+00;1.907868e+00;-1.131855e-01
525716526250977;-2.228114e+00;-1.893299e+00;6.069018e-01
525716727582644;-2.697136e+00;7.970716e-01;3.976195e-01
525716930894050;2.178053e+00;8.221170e-01;-4.098215e-01
525717132367227;2.266629e+00;2.165058e-01;6.194856e-01
525717335979988;-2.344056e+00;-2.069472e+00;6.290151e-01
525717537245561;-3.187904e+00;6.563283e-01;-1.764637e-02
525717741042904;4.400502e+00;1.357601e+00;-5.726780e-01
525717942962696;-8.875101e-01;-1.980270e-01;1.342146e-01
525718146821082;-1.690919e+00;-1.537042e+00;4.997561e-01
525718347815873;-8.595324e-01;-1.298546e-01;7.801503e-02
525718550988634;4.324632e+00;1.920085e+00;-1.664530e-01
525718752669884;-1.869048e+00;-1.809977e+00;3.979860e-01
525718956100977;-2.789865e+00;7.501572e-01;5.930962e-01
525719157522852;2.185017e+00;8.840587e-01;-5.346822e-01
525719361372227;2.661247e+00;5.973188e-01;6.037253e-01
525719563067592;-1.831174e+00;-1.810099e+00;6.874138e-01
525719767057800;-3.057546e+00;9.932812e-01;1.034270e-01
525719968307332;4.383519e+00;1.621861e+00;-2.431776e-01
525720171293373;-1.593592e-01;-3.809200e-01;-1.224707e-01
525720373186029;-1.546633e+00;-6.041300e-01;2.049527e-01
525720576378009;-1.132223e+00;3.214523e-01;-1.756160e-01
525720778063321;4.087739e+00;1.755763e+00;-2.591822e-01
525720981698946;-1.960433e+00;-1.700510e+00;3.828366e-01
525721183634102;-2.883205e+00;4.805214e-01;2.011654e-01
525721387292540;1.915992e+00;6.675683e-01;-5.257636e-01
525721588799936;2.378417e+00;1.891390e-01;7.537537e-01
525721791597019;-2.066479e+00;-2.265804e+00;3.680536e-01
525721993703790;-3.036044e+00;8.046462e-01;4.321944e-01
525722196654988;4.276496e+00;5.362324e-01;1.751426e-01
525722398603425;-1.011760e+00;-3.928930e-01;2.721478e-01
525722602024675;-2.366047e+00;-8.930687e-01;3.700084e-01
525722804200040;-1.291826e-01;-1.509905e-01;1.116126e-01
525723007525509;4.183156e+00;2.097481e+00;-3.118388e-01
525723209291498;-2.709109e+00;-2.109423e+00;5.075752e-01
525723411899154;-2.739285e+00;4.252993e-01;4.753214e-01
525723614222123;3.147740e+00;1.085278e+00;-7.368784e-01
525723816931915;1.550940e+00;-5.557340e-02;8.805692e-01
525724019143894;-1.988655e+00;-2.125428e+00;5.331093e-01
525724222349936;-2.310581e+00;4.304306e-01;3.367774e-01
525724424766498;4.719373e+00;1.703106e+00;-2.863047e-01
525724627758165;-8.322879e-01;-5.338805e-01;-6.895116e-03
525724829782540;-2.697014e+00;-8.553174e-01;5.366523e-01
525725032200248;6.926749e-01;8.042797e-01;-4.660136e-02
525725234739415;3.912055e+00;1.619173e+00;-2.651688e-01
525725437207904;-2.049009e+00;-2.052735e+00;4.689685e-01
525725639685717;-3.358702e+00;7.887638e-01;4.783757e-01
525725842676342;3.510350e+00;1.833465e+00;-2.986441e-01
525726045333998;9.571790e-01;-3.072497e-01;5.894310e-01
525726247991550;-1.781572e+00;-1.379073e+00;5.305437e-01
525726450274623;-2.368247e+00;3.442987e-01;1.896811e-01
525726652501498;4.685409e+00;1.395352e+00;-1.195386e-01
525726855256186;-1.410899e+00;-6.416371e-01;2.508897e-01
525727057483373;-3.530844e+00;-1.534843e+00;4.005517e-01
525727260226602;9.759939e-01;9.179005e-01;1.964007e-01
525727463001602;3.772777e+00;1.454118e+00;-5.588725e-01
525727665901029;-2.394513e+00;-1.987494e+00;5.948066e-01
525727868224779;-3.387046e+00;5.693412e-01;5.704942e-01
525728070767279;3.526965e+00;1.356624e+00;-8.388928e-01
525728272803217;7.163763e-01;-5.349649e-02;7.587627e-01
525728475774050;-1.491167e+00;-1.922009e+00;4.726337e-01
525728677758686;-2.113394e+00;9.539418e-01;3.108767e-01
525728880766707;4.761767e+00;1.649839e+00;-3.053636e-01
525729083325873;-9.817056e-01;-6.341845e-01;-2.815326e-02
525729286466759;-2.790476e+00;-5.776182e-01;4.770319e-01
525729488457175;7.607250e-01;2.354425e-01;-1.803807e-01
525729691259154;3.894827e+00;1.662789e+00;-1.261359e-01
525729893104779;-2.447048e+00;-2.076803e+00;2.480798e-01
525730096292175;-2.946491e+00;5.682416e-01;4.847288e-01
525730298034415;3.744921e+00;1.476842e+00;-4.546590e-01
525730501307592;6.372082e-01;-7.243320e-02;6.286486e-01
525730703651029;-2.010035e+00;-1.200945e+00;6.319472e-01
525730907033894;-1.915962e+00;5.635191e-03;1.338481e-01
525731108689207;4.680278e+00;1.671708e+00;-3.658392e-01
525731311749936;-1.424705e+00;-9.319199e-01;1.901698e-01
525731513405769;-2.889925e+00;5.268251e-01;4.252306e-01
525731716809727;1.381119e+00;3.583485e-01;-1.299233e-01
525731918310717;3.021780e+00;9.186337e-01;2.364734e-01
525732121849467;-2.376065e+00;-2.246134e+00;5.036656e-01
525732323977175;-3.397676e+00;1.086255e+00;3.303022e-01
525732527601707;4.294089e+00;1.376538e+00;-3.206352e-01
525732728921915;-9.085239e-01;-5.319257e-01;2.759352e-01
525732932241759;-1.612729e+00;-1.065211e+00;4.827739e-01
525733133706602;-6.059012e-01;2.531576e-01;3.232236e-02
525733337327227;4.466109e+00;1.830655e+00;-1.818467e-01
525733539448061;-2.572031e+00;-2.118708e+00;5.700055e-01
525733743103686;-2.872087e+00;7.347633e-01;3.662210e-01
525733944302123;3.430692e+00;1.152228e+00;-6.819006e-01
525734148212748;1.709764e+00;7.234165e-02;5.194260e-01
525734349155457;-1.720974e+00;-1.857258e+00;6.621239e-01
525734552375509;-2.536722e+00;7.777682e-01;3.000108e-02
525734754007800;4.746984e+00;1.687346e+00;-1.855119e-01
525734957702696;-6.530602e-01;-5.634463e-01;7.630464e-02
525735159534050;-2.895301e+00;-4.829343e-01;4.781315e-01
525735363386498;3.223684e-01;6.083144e-01;6.055203e-03
525735564413165;3.828366e+00;1.386434e+00;-1.913763e-01
525735768466863;-1.986333e+00;-1.564043e+00;4.177780e-01
525735969653634;-3.271960e+00;1.103359e+00;3.891895e-01
525736172696290;3.485915e+00;8.388547e-01;-2.026162e-01
525736374532123;3.444818e-01;-4.170831e-01;4.654255e-01
525736578063373;-2.028972e+00;-1.268995e+00;5.014665e-01
525736780088373;-1.924880e+00;2.090532e-01;5.394697e-02
525736983655144;4.576186e+00;1.879891e+00;-5.481213e-01
525737184991134;-1.276142e+00;-1.120677e+00;3.078224e-01
525737388707384;-3.117533e+00;-1.172708e-01;4.743441e-01
525737590155092;1.436219e+00;1.618945e-01;-1.641317e-01
525737793004519;3.195387e+00;1.082956e+00;1.833282e-01
525737995058790;-2.334527e+00;-2.283031e+00;5.215029e-01
525738198413686;-3.084913e+00;7.727591e-01;5.045209e-01
525738400643842;4.123047e+00;1.288573e+00;-5.574063e-01
525738603913686;9.207240e-02;-2.580140e-01;3.371439e-01
525738805572123;-1.382066e+00;-1.380172e+00;6.093452e-01
525739008940457;-1.648403e+00;4.816210e-01;-4.867827e-02
525739210658738;4.566779e+00;1.768958e+00;-1.624213e-01
525739413305040;-7.891608e-01;-1.048839e+00;1.626809e-01
525739615586186;-3.253145e+00;-5.862762e-02;4.453891e-01
525739818757644;1.027429e+00;6.136900e-01;-1.845346e-01
525740021199154;3.226053e+00;8.770948e-01;-9.815831e-02
525740224165404;-1.616516e+00;-1.294285e+00;6.076348e-01
525740426152852;-3.279290e+00;4.312857e-01;1.348255e-01
525740629167540;1.892780e+00;3.039815e-01;-6.834888e-01
525740831163998;1.466274e+00;7.266999e-01;-2.390237e-01
525741033601915;-8.855554e-01;-2.538601e-01;8.672522e-01
525741236115144;-2.430188e+00;-8.930690e-01;-3.304091e-01
525741439098998;-1.246088e+00;-5.981434e-01;-5.613086e-02
525741641756238;2.175243e+00;3.520120e-02;3.040350e-01
525741844414050;-2.787222e-01;-1.552803e+00;-1.851340e+00
525742046732748;-1.240956e+00;-2.980027e+00;-8.740714e-02
525742249390821;3.123306e+00;3.839911e+00;-1.278593e+00
525742451668425;6.138900e+00;2.052521e+00;-2.056346e+00
525742653895352;2.287887e+00;-6.198903e-01;-8.200783e-01
525742856645352;-1.716988e-01;-7.601449e-01;4.870501e-01
525743059437936;-1.084575e+00;2.682322e+00;1.169019e+00
525743262313092;-3.443292e-01;1.175686e+00;7.268756e-01
525743464659967;7.985530e-02;1.920711e-01;4.274296e-01
