#time;x;y;z
525936088024279;8.901826e-02;2.354425e-01;-3.104949e-01
525936289958967;-3.187950e-01;-1.220981e+00;-3.717036e-01
525936492800269;-2.556316e-01;-1.807167e+00;-2.676122e-01
525936694596988;-1.079077e+00;-2.133979e+00;6.230286e-01
525936897820373;-4.288729e-01;-1.723478e+00;8.484377e-01
525937100227248;2.761872e-01;-1.585911e+00;7.541202e-01
525937303537196;-1.427026e+00;1.117042e+00;7.819755e-01
525937505259175;-5.520232e-01;4.766270e-02;-8.655266e-01
525937708581727;-5.956389e-01;2.303113e-01;-7.041361e-01
525937910154957;3.184134e-02;3.886627e-02;-1.307915e+00
525938113280061;-3.236820e-01;-6.598409e-01;-9.938004e-02
525938314861832;-1.561538e+00;3.334253e-01;-3.037754e-01
525938518324123;-6.380329e-01;7.776461e-01;5.522285e+00
525938720539175;-9.536057e-01;-1.852371e+00;1.432913e+00
525938924068602;1.095235e+00;1.200731e+00;2.904738e-01
525939125479227;1.289734e+00;9.923039e-01;1.320270e+00
525939329137769;7.264709e-02;8.155197e-01;-4.078667e-01
525939530351207;-8.275232e-01;-3.904495e-01;2.263330e-01
525939733761363;-2.412839e+00;-2.198960e-01;-8.166499e-02
525939935127352;4.173732e-02;9.970839e-02;1.305494e-01
525940138828550;3.780107e+00;1.093708e+00;4.319501e-01
525940340850946;1.663537e-01;3.313483e-01;3.974973e-01
525940544599644;-2.602085e+00;-1.833434e+00;2.688492e-01
525940745698082;-1.330265e+00;1.226770e-01;-3.746357e-01
525940949692821;4.983266e+00;1.864985e+00;1.410563e-01
525941150545425;-1.704969e+00;-1.011332e+00;3.867536e-02
525941353840321;-2.900309e+00;-8.459102e-01;7.645048e-01
525941555392404;1.076909e+00;1.717905e-01;-6.822596e-02
525941759141154;4.286636e+00;1.829433e+00;-1.214856e-02
525941960919279;-2.798417e+00;-2.171609e+00;4.148458e-01
525942164819332;-3.391200e+00;2.101528e-01;5.177155e-01
525942365790686;4.232147e+00;1.144654e+00;-7.220955e-01
525942569886988;1.000795e+00;1.937816e-01;3.648771e-01
525942771023342;-1.604788e+00;-1.699655e+00;5.923632e-01
525942974104488;-2.106674e+00;2.198045e-01;3.989708e-02
525943175895425;4.786201e+00;2.131811e+00;-3.971155e-01
525943379452300;-7.913601e-01;-1.120310e+00;1.173547e-01
525943581449488;-3.358092e+00;-4.872103e-01;6.037253e-01
525943785038863;1.208367e+00;5.736172e-01;-7.079158e-02
525943986345790;3.718532e+00;1.444833e+00;-2.484310e-01
525944190081727;-1.929157e+00;-1.802280e+00;4.957243e-01
525944391501102;-3.718257e+00;6.515636e-01;6.951107e-01
525944594367769;4.075644e+00;1.180939e+00;-1.581452e-01
525944796396727;-4.624704e-01;-1.429271e-01;3.965199e-01
525944999761727;-2.050474e+00;-5.230071e-01;4.262079e-01
525945201977977;-1.220187e+00;-5.584372e-01;-5.062541e-03
525945405255946;4.766532e+00;2.542679e+00;-6.424388e-01
525945607066311;-2.318278e+00;-1.758175e+00;4.387918e-01
525945809630686;-2.872699e+00;-1.904364e-02;4.038503e-01
525946011993498;2.270905e+00;8.238274e-01;-3.075628e-01
525946214664123;2.413358e+00;7.767908e-01;3.359222e-01
525946416911311;-2.045832e+00;-2.627192e+00;4.229092e-01
525946620094644;-2.928165e+00;1.048137e+00;6.683547e-01
525946822522196;4.595856e+00;1.655947e+00;-3.561875e-01
525947025495842;-9.014379e-01;-3.600284e-01;-1.726838e-01
525947227534175;-1.777418e+00;-5.584372e-01;4.308505e-01
525947429935165;-2.250883e-01;-5.520687e-02;-4.049270e-02
525947632486623;4.550653e+00;1.811107e+00;-2.454989e-01
525947834939904;-1.883097e+00;-1.625496e+00;6.413546e-01
525948037428342;-3.114112e+00;8.317688e-01;4.105698e-01
525948240412977;3.085554e+00;1.643119e+00;-6.164160e-01
525948443067352;1.629008e+00;2.386190e-01;7.339616e-01
525948645721259;-2.395491e+00;-1.647976e+00;5.331093e-01
525948848003029;-2.736475e+00;7.893747e-01;1.123456e-01
525949050226623;4.740753e+00;1.475254e+00;-2.712774e-01
525949252980269;-1.561905e+00;-5.762745e-01;-1.483642e-02
525949455203863;-2.857305e+00;-8.421227e-01;6.229063e-01
525949657945269;5.537642e-01;1.969581e-01;1.851685e-02
525949860721832;3.809428e+00;2.201083e+00;-5.642481e-01
525950063611363;-2.618701e+00;-2.338742e+00;6.522279e-01
525950265937821;-2.899576e+00;4.976256e-01;3.974973e-01
525950468471571;4.025308e+00;1.714468e+00;-5.993117e-01
525950670509904;-2.129933e-01;-1.056643e-01;5.786799e-01
525950873473342;-1.274920e+00;-1.407173e+00;6.992645e-01
525951075459592;-1.328310e+00;3.609141e-01;7.838154e-02
525951278460009;4.744296e+00;2.078543e+00;-2.707887e-01
525951481023654;-1.376935e+00;-1.294285e+00;2.086179e-01
525951684152457;-3.238729e+00;-9.417998e-02;1.913915e-01
525951886147404;2.022772e+00;1.417466e+00;-5.311392e-01
525952088938498;2.813353e+00;1.111300e+00;5.579104e-01
525952290788602;-1.654023e+00;-2.270202e+00;5.287111e-01
525952493966623;-3.221014e+00;8.158861e-01;4.475882e-01
525952695711519;4.534403e+00;1.672563e+00;-1.194164e-01
525952898974957;-1.181702e+00;-1.815337e-01;-3.802556e-01
525953101322873;-1.982913e+00;-7.910545e-01;5.900419e-01
525953304693238;-5.137830e-01;4.839577e-02;2.828991e-01
525953506353238;4.122802e+00;1.861198e+00;-5.357817e-01
525953709402717;-2.167027e+00;-1.864832e+00;6.685991e-01
525953911062769;-3.127917e+00;1.742446e+00;4.838736e-01
525954114456936;4.113639e+00;1.762482e+00;-7.669330e-01
525954315960425;-1.007165e-01;-5.337429e-02;-8.789583e-02
525954519489696;-1.621036e+00;-1.287077e+00;4.926700e-01
525954721620269;-1.135277e+00;8.689586e-03;-9.009493e-02
525954925233134;4.583638e+00;2.098213e+00;-3.120832e-01
525955126557613;-1.699471e+00;-1.304914e+00;4.447782e-01
525955329866832;-3.525713e+00;3.104731e-02;3.445964e-01
525955531334227;2.867475e+00;1.493091e+00;-5.117137e-01
525955734944957;2.242805e+00;2.361756e-01;7.141696e-01
525955936206154;-1.798676e+00;-2.555721e+00;6.461192e-01
525956140001154;-2.989374e+00;1.028834e+00;2.108171e-01
525956341915217;4.770319e+00;1.857166e+00;-9.412663e-02
525956545771519;-9.558048e-01;-2.283259e-01;-4.611266e-02
525956746760582;-3.214172e+00;-9.101732e-01;6.061687e-01
525956949931259;8.804548e-01;1.141477e+00;7.483856e-02
525957151604696;3.998064e+00;1.537928e+00;-3.104949e-01
525957355033186;-2.325363e+00;-2.505507e+00;2.825326e-01
525957556449852;-3.626383e+00;8.784388e-01;4.062937e-01
525957760296311;3.944796e+00;1.295048e+00;3.403278e-02
525957961986259;-5.077967e-01;-1.992488e-01;4.447782e-01
525958165973759;-1.617616e+00;-1.268751e+00;3.486281e-01
525958367219644;-1.310962e+00;-1.117730e-01;4.099666e-02
525958570202040;4.599521e+00;2.353066e+00;-1.283350e-01
525958772090634;-2.095801e+00;-1.882059e+00;5.089191e-01
525958975279123;-2.923033e+00;7.120393e-01;5.333537e-01
525959176958029;2.958250e+00;1.339886e+00;-5.043833e-01
525959380590113;1.755091e+00;1.259755e-01;6.185082e-01
525959582520425;-1.827142e+00;-2.266660e+00;4.709232e-01
525959786175009;-2.519741e+00;1.175075e+00;2.959716e-01
525959987677821;4.495308e+00;1.910312e+00;-7.311291e-02
525960190471102;-3.664424e-01;-1.612530e-01;-3.271105e-01
525960392575165;-2.418460e+00;-1.125686e+00;6.744634e-01
525960595522925;-4.892262e-01;-3.707795e-01;-2.655353e-01
525960797466884;4.330130e+00;2.313483e+00;-1.994397e-01
525961000884175;-2.430310e+00;-2.395552e+00;7.189344e-01
525961203055165;-2.804404e+00;8.927330e-01;3.977417e-01
525961406376207;2.466748e+00;1.218935e+00;-7.719421e-01
525961608136571;1.810191e+00;8.688020e-02;8.883883e-01
525961810739957;-1.650725e+00;-1.083537e+00;5.588878e-01
525962013058550;-2.868422e+00;5.898663e-01;-1.337107e-01
525962215765009;4.601476e+00;1.138056e+00;1.202869e-01
525962417974071;-1.916817e+00;-7.261807e-01;2.405051e-01
525962621175842;-2.161530e+00;-8.297832e-01;3.795379e-01
525962823587592;2.849837e-01;1.414916e-01;7.960327e-02
525963026575196;3.864039e+00;2.158689e+00;-4.629668e-01
525963228595092;-2.549917e+00;-2.546069e+00;6.607801e-01
525963431008789;-2.705321e+00;4.216341e-01;4.719006e-01
525963633542748;3.520245e+00;1.631513e+00;-8.470784e-01
525963836007175;3.449705e-01;-2.629009e-01;8.803248e-01
525964038480508;-1.282617e+00;-1.475956e+00;5.566887e-01
525964241466706;-1.950659e+00;2.426507e-01;-1.062217e-01
525964444120144;4.738554e+00;1.858144e+00;-9.460780e-03
525964646774050;-4.994889e-01;-6.106051e-01;8.620063e-02
525964849052956;-3.516794e+00;-4.021781e-01;3.530263e-01
525965051275456;1.172448e+00;6.158891e-01;-3.367621e-01
525965254025977;3.862452e+00;1.418321e+00;4.392883e-02
525965456247956;-2.203557e+00;-2.272890e+00;5.342089e-01
525965658985977;-3.398897e+00;7.560215e-01;3.273700e-01
525965861756498;4.480647e+00;2.036516e+00;4.792309e-01
525966064651550;-9.503070e-01;-5.535503e-01;4.221836e-02
525966266970821;-1.188422e+00;-2.203847e-01;3.579133e-01
525966469508946;-9.042480e-01;-1.654069e-01;-1.412854e-01
525966671541342;4.321945e+00;1.654603e+00;-1.418962e-01
525966874508425;-2.358595e+00;-2.053345e+00;8.042110e-01
525967076488581;-3.410748e+00;5.835133e-01;1.854051e-01
525967279491914;2.794660e+00;1.559797e+00;-5.178224e-01
525967482046394;1.436831e+00;4.359283e-01;6.717756e-01
525967685182956;-2.011501e+00;-2.434158e+00;3.533929e-01
525967887167383;-2.179978e+00;2.101527e-01;4.749550e-01
525968089964414;4.640816e+00;1.816605e+00;-1.497153e-01
525968291805508;-1.348347e+00;-7.250811e-01;1.193095e-01
525968494988581;-2.668059e+00;-8.582498e-01;3.061119e-01
525968696727019;6.246244e-01;6.427827e-02;-1.901546e-01
525968899996185;4.103377e+00;1.846782e+00;5.140503e-01
525969102335039;-2.216996e+00;-2.525422e+00;4.611494e-01
525969305713269;-3.408427e+00;9.196110e-01;3.879678e-01
525969507363894;3.978638e+00;1.410013e+00;-4.099437e-01
525969710420352;2.666574e-01;-1.867871e-01;4.743441e-01
525969912069935;-1.505339e+00;-1.327394e+00;5.344532e-01
525970115469206;-1.747852e+00;5.898661e-01;1.371468e-01
525970316964779;4.591947e+00;2.151847e+00;1.668425e-02
525970520499050;-1.539303e+00;-1.504300e+00;4.157011e-01
525970722621654;-3.023460e+00;8.474068e-01;2.550436e-01
525970926241498;1.913182e+00;6.206539e-01;-3.778122e-01
525971127558894;2.168279e+00;4.168693e-01;7.116040e-01
525971330874727;-2.341491e+00;-2.627558e+00;4.334162e-01
525971532333998;-2.902631e+00;7.587093e-01;2.242561e-01
525971735949831;4.562137e+00;1.752342e+00;-4.860574e-01
525971937202331;-1.541136e+00;-6.847640e-01;1.944459e-01
525972141001914;-2.064891e+00;-7.872671e-01;5.906528e-01
525972342908685;3.501019e-01;7.710639e-02;-2.680934e-02
525972546770248;4.361528e+00;2.243599e+00;-1.751272e-01
525972747752539;-2.840078e+00;-2.373194e+00;4.854618e-01
525972950928373;-3.095908e+00;2.995833e-01;3.618228e-01
525973152596602;4.111929e+00;1.792903e+00;-5.918592e-01
525973356029258;7.554718e-01;-1.696829e-01;6.378115e-01
525973557440196;-1.630566e+00;-1.774913e+00;6.392776e-01
525973761289414;-2.108018e+00;2.277457e-01;-1.136743e-01
525973962975039;4.785591e+00;2.370292e+00;-2.045633e-02
525974166964727;-1.662575e+00;-1.657627e+00;5.052539e-01
525974368205352;-3.480142e+00;-2.068235e-01;3.431304e-01
525974571190456;1.509279e+00;1.217224e+00;-1.079322e-01
525974773074623;3.285795e+00;1.004399e+00;1.841833e-01
525974976265196;-1.680413e+00;-2.000689e+00;3.998186e-01
525975177942019;-3.656316e+00;6.444777e-01;3.015915e-01
525975381575352;4.062694e+00;1.163102e+00;2.449033e-01
525975583502748;-8.156724e-01;-7.243481e-01;2.555324e-01
525975787158269;-1.680779e+00;-1.015731e+00;3.891895e-01
525975988658685;-9.259946e-01;-1.085965e-01;9.621884e-02
525976191452852;4.336850e+00;2.721662e+00;-4.982747e-01
525976393552644;-1.903500e+00;-1.888290e+00;6.562597e-01
525976596500925;-3.222846e+00;-1.151937e-01;3.843026e-01
525976798442175;2.758253e+00;1.290039e+00;-5.059716e-01
525977001859414;2.136148e+00;2.001345e-01;7.736679e-01
525977204028894;-2.000384e+00;-2.139111e+00;4.469773e-01
525977407350352;-2.766042e+00;2.463160e-01;3.047680e-01
525977609110144;4.455235e+00;1.774211e+00;-2.199647e-01
525977811713269;-7.247758e-01;-1.921627e-01;9.524143e-02
525978014030560;-2.034592e+00;-9.484133e-01;4.198550e-01
525978216736289;-4.109134e-01;-1.365741e-01;-1.411632e-01
525978418942956;4.522063e+00;2.330586e+00;-2.385350e-01
525978622144414;-2.258413e+00;-2.115898e+00;6.000600e-01
525978824555612;-2.998781e+00;4.653721e-01;5.665847e-01
525979027542487;3.195632e+00;1.632735e+00;-5.704789e-01
525979229560821;1.325408e+00;6.696606e-02;7.635275e-01
525979431973789;-2.538433e+00;-1.848339e+00;5.623086e-01
525979634508060;-2.290056e+00;6.996998e-01;1.196760e-01
525979836971654;4.455724e+00;1.419665e+00;1.520519e-01
525980039443737;-1.052199e+00;-9.542776e-01;1.861381e-01
525980242429414;-3.644099e+00;-2.307694e-01;3.213835e-01
525980445082331;1.507813e+00;7.932842e-01;-2.783634e-01
525980647734675;3.030210e+00;1.432127e+00;2.679940e-01
525980850012019;-2.306060e+00;-2.467268e+00;5.051317e-01
525981052233737;-2.821752e+00;3.658011e-01;4.039725e-01
525981254983477;4.418828e+00;1.797790e+00;-2.166661e-01
525981457205456;-1.267346e+00;-7.569683e-01;1.466763e-01
525981659943477;-1.533927e+00;-7.364431e-01;6.145986e-01
525981862713373;-3.520260e-01;-2.031583e-01;-1.840459e-01
525982065608008;4.542466e+00;2.595946e+00;-6.272811e-02
525982267926342;-1.844857e+00;-2.064341e+00;3.481394e-01
525982470463217;-3.078926e+00;4.235889e-01;2.532111e-01
525982672493685;2.623740e+00;1.579223e+00;-6.490361e-01
525982875459414;2.198945e+00;5.528478e-01;6.831377e-01
525983077439050;-1.909365e+00;-2.403738e+00;6.921784e-01
525983280442175;-3.055835e+00;9.053169e-01;1.073366e-01
525983482995925;4.778871e+00;1.942565e+00;1.128344e-01
525983686132123;-1.687743e+00;-8.369915e-01;6.433167e-02
525983888116550;-1.500085e+00;-1.397506e-01;3.554698e-01
525984090912852;-1.006385e-02;1.284190e-01;-2.876410e-02
525984292753321;3.940886e+00;1.910556e+00;-4.464655e-02
525984495935873;-2.449858e+00;-2.198853e+00;7.801430e-01
525984697672696;-3.482219e+00;4.399600e-01;2.051971e-01
525984900940873;3.772044e+00;2.216233e+00;-5.831849e-01
525985103278789;1.413081e-01;-3.495215e-01;6.251056e-01
525985306656394;-1.521343e+00;-2.081201e+00;5.339645e-01
525985508306081;-1.539669e+00;2.592663e-01;7.044033e-02
525985711361498;4.743930e+00;2.097847e+00;-7.543419e-02
525985913012175;-1.617982e+00;-1.067288e+00;2.782565e-01
525986116411342;-3.247403e+00;-1.139492e+00;5.210141e-01
525986317906394;1.894979e+00;1.284908e+00;-4.678537e-01
525986521440144;3.385122e+00;1.043373e+00;6.951107e-01
525986723561758;-2.098855e+00;-2.585531e+00;3.436190e-01
525986927181029;-3.584478e+00;7.585871e-01;2.299982e-01
525987128496029;4.647535e+00;1.770179e+00;-1.258915e-01
525987331810664;-5.531229e-01;-4.185492e-01;2.367177e-01
525987533269883;-1.978026e+00;-8.701004e-01;5.252902e-01
525987736885248;-7.031510e-01;1.682474e-01;5.150354e-02
525987938138633;4.608195e+00;2.183123e+00;6.201040e-02
525988141937852;-2.105208e+00;-2.007408e+00;4.957244e-01
525988343844102;-3.175443e+00;8.122210e-01;4.514978e-01
525988547705144;2.844995e+00;1.032255e+00;-3.218570e-01
525988748686394;6.280451e-01;3.434594e-02;9.061033e-01
525988951861237;-1.740644e+00;-1.868497e+00;3.234605e-01
525989153527904;-2.303983e+00;7.067857e-01;5.333611e-02
525989356960039;4.654254e+00;2.226495e+00;-1.725616e-01
525989558369935;-1.178282e+00;-1.028681e+00;1.470428e-01
525989762218685;-3.020283e+00;-7.460948e-01;5.614535e-01
525989963904206;1.045999e+00;4.835758e-01;-1.465388e-01
525990167893477;3.638020e+00;1.689179e+00;3.068450e-01
525990369134414;-2.395491e+00;-2.612653e+00;3.761170e-01
525990572118164;-3.033967e+00;5.985405e-01;4.044612e-01
525990774002279;4.388407e+00;1.774699e+00;-1.232038e-01
525990977192175;-2.737133e-01;-5.412109e-01;2.502789e-01
525991178867019;-1.385731e+00;-1.048351e+00;5.752590e-01
525991382499519;-1.421650e+00;1.585958e-01;-2.382907e-01
525991584426758;4.631775e+00;2.420139e+00;-1.070769e-01
525991788081758;-1.496787e+00;-1.641745e+00;6.005487e-01
525991989581550;-3.240683e+00;-1.574490e-02;3.173518e-01
525992192375248;1.875187e+00;1.618563e+00;-2.860603e-01
525992394476185;2.752022e+00;1.099450e+00;7.415364e-01
525992597423946;-2.140394e+00;-2.024391e+00;6.887576e-01
525992799364675;-3.150031e+00;9.170454e-01;6.848558e-02
525993002781394;4.239844e+00;1.171776e+00;1.525406e-01
525993204950352;-1.461479e+00;-7.596561e-01;-1.520366e-01
525993408270821;-1.811993e+00;-5.613697e-01;2.996368e-01
525993610029154;-3.716959e-01;8.859069e-02;-1.544801e-01
525993812631967;4.154323e+00;2.199739e+00;-1.025565e-01
525994014948529;-2.491397e+00;-2.175641e+00;5.394623e-01
525994218093633;-2.965550e+00;1.601996e-02;4.631041e-01
525994420544987;3.411878e+00;1.637133e+00;-5.415239e-01
525994623489987;9.748942e-01;-2.504393e-01;1.039394e+00
525994825489935;-1.665385e+00;-2.173686e+00;5.757476e-01
525995028485039;-2.137339e+00;7.356186e-01;1.066035e-01
525995230492852;4.587427e+00;2.055942e+00;-1.056108e-01
525995432912696;-8.551341e-01;-8.349147e-01;7.031815e-02
525995635435925;-2.997926e+00;-9.159153e-01;4.833849e-01
525995837906498;8.092279e-01;6.560840e-01;-2.567388e-01
525996040369310;3.747120e+00;1.851180e+00;1.031827e-01
525996243356029;-2.018710e+00;-2.251144e+00;7.200339e-01
525996446008321;-3.435793e+00;6.237082e-01;2.770348e-01
525996648660664;4.075521e+00;1.941343e+00;4.490621e-02
525996850936706;-5.434711e-01;-4.851334e-01;2.021428e-01
525997053158112;-1.479194e+00;-6.351456e-02;4.242532e-01
525997255906289;-7.388256e-01;-2.207512e-01;-2.568610e-01
525997458126914;4.127934e+00;1.928882e+00;1.505858e-01
525997660862592;-2.570565e+00;-2.277655e+00;6.649339e-01
525997863628842;-3.148809e+00;3.756971e-01;-4.293616e-02
525998066526706;3.503630e+00;1.864497e+00;-5.312614e-01
525998268840664;5.268862e-01;-4.975951e-01;9.294383e-01
525998471379935;-1.825798e+00;-1.985173e+00;6.018927e-01
525998673407852;-1.616394e+00;4.884627e-01;1.191873e-01
525998876376706;4.730857e+00;2.289292e+00;2.288987e-01
525999078352227;-1.264536e+00;-1.505278e+00;4.353710e-01
525999281356602;-3.492237e+00;4.839576e-02;2.789895e-01
525999483905300;2.102306e+00;1.644830e+00;-4.473286e-01
525999687046081;3.105346e+00;8.072119e-01;6.725086e-01
525999889024258;-2.328296e+00;-2.565739e+00;5.123399e-01
526000091824362;-3.066465e+00;1.008919e+00;4.164341e-01
526000293659467;4.848265e+00;2.170051e+00;1.531515e-01
526000496845560;-1.288970e+00;-8.310050e-01;2.183918e-01
526000699298581;-2.511800e+00;-2.374889e-01;2.990259e-01
526000902554623;4.023919e-01;4.024530e-01;-1.550909e-01
526001104325769;3.944185e+00;1.721921e+00;4.885162e-01
526001307601029;-2.569465e+00;-2.292560e+00;3.113654e-01
526001509218321;-3.761140e+00;4.591412e-01;3.477729e-01
526001712300925;4.039969e+00;2.072435e+00;-5.262523e-01
526001913920977;4.234797e-02;-2.519053e-01;6.816717e-01
526002117344310;-1.786458e+00;-1.652007e+00;5.869876e-01
526002319600664;-1.587195e+00;2.039219e-01;1.252960e-01
526002523082227;4.960909e+00;2.290514e+00;6.506476e-02
526002724534779;-1.715965e+00;-1.727021e+00;3.684202e-01
526002928150196;-3.411481e+00;4.778494e-02;1.964007e-01
526003129402331;2.106460e+00;1.163346e+00;-3.862421e-01
526003332773321;3.046948e+00;7.748360e-01;4.722671e-01
526003534174362;-2.413939e+00;-2.572703e+00;7.557159e-02
526003737840612;-3.059745e+00;8.321513e-02;3.984747e-01
526003939897383;4.804405e+00;1.599626e+00;-5.735251e-02
526004143605873;-7.269748e-01;-3.228878e-01;4.554073e-01
526004344738164;-2.559080e+00;-8.424893e-01;7.836860e-01
526004548695873;-4.120129e-01;3.344026e-01;-1.021900e-01
526004749580248;4.703734e+00;2.400714e+00;4.319577e-02
526004952842383;-2.164462e+00;-1.854936e+00;2.737361e-01
526005154422592;-3.409281e+00;4.652499e-01;5.905306e-01
526005358146342;3.365941e+00;1.229564e+00;-7.592285e-02
526005559941289;4.880349e-01;-2.092670e-01;6.952327e-01
526005763818842;-1.880654e+00;-1.361969e+00;4.644481e-01
526005964808685;-1.879677e+00;3.537060e-01;1.143080e-02
526006168884362;4.868913e+00;2.121793e+00;-3.809887e-01
526006370035300;-1.817857e+00;-1.341566e+00;3.366552e-01
526006573097592;-3.149664e+00;-4.556897e-01;4.940139e-01
526006774901967;1.987586e+00;1.099816e+00;-2.656575e-01
526006978445196;2.920376e+00;9.567516e-01;7.602288e-01
526007180448894;-2.275639e+00;-2.651260e+00;4.266967e-01
526007384025873;-2.764820e+00;1.201098e+00;1.361694e-01
526007585341342;4.840446e+00;1.848248e+00;2.225457e-01
526007789065821;-3.261254e-01;-3.629606e-01;1.047709e-01
526007990492800;-3.071352e+00;-6.853750e-01;4.683576e-01
526008193348685;5.114924e-01;6.680569e-01;-8.508585e-02
526008395383164;4.283704e+00;1.769935e+00;8.241329e-02
526008598740508;-3.159805e+00;-2.612898e+00;4.538190e-01
526008800957800;-3.498712e+00;9.809418e-01;1.360472e-01
526009004228633;4.435932e+00;1.491991e+00;4.689685e-01
526009205873581;-1.241079e+00;-6.699812e-01;2.536998e-01
526009409242539;-2.077842e+00;-7.738283e-01;2.339077e-01
526009610949623;-4.016281e-01;-1.584430e-01;-1.172173e-01
526009813596133;4.427868e+00;2.653856e+00;-4.478173e-01
526010015865300;-2.996704e+00;-2.783695e+00;5.842997e-01
526010219033842;-2.697747e+00;3.814392e-01;2.991481e-01
526010421467696;3.620427e+00;1.918986e+00;-5.610716e-01
526010624429467;5.781986e-01;-2.748739e-01;1.008240e+00
526010826406967;-1.659277e+00;-2.027078e+00;6.642008e-01
526011029418008;-1.787680e+00;3.473530e-01;-2.066479e-01
526011231406029;4.093114e+00;1.838352e+00;-2.524627e-01
526011433840404;-1.021823e-01;-2.081673e-01;1.254182e-01
526011636346550;-1.674060e+00;-1.670455e+00;2.645732e-01
526011839324935;-8.542790e-01;-1.657734e-01;3.223609e-01
526012041976237;3.562029e+00;1.818682e+00;-5.559403e-01
526012244628321;-1.483638e-01;4.099055e-01;4.152124e-01
526012446941081;-1.576565e+00;-5.919126e-01;-2.980333e-01
526012649592383;-2.345766e+00;-1.592387e+00;3.079445e-01
526012851862956;8.232777e-01;3.026376e-01;1.604818e-01
526013054083894;2.044885e+00;1.197310e+00;-1.388419e-01
526013256827383;-5.142717e-01;6.343372e-01;-5.220984e-01
526013459614154;-3.019351e-01;-2.966466e+00;-1.750425e+00
526013662483685;-5.076744e-01;-1.891833e+00;9.047594e-01
526013864825560;3.809306e+00;4.410947e+00;-1.751891e+00
526014067474362;3.958357e+00;6.531519e-01;-1.501315e+00
526014269765821;2.235841e+00;-1.357326e+00;-3.697488e-01
526014472319987;1.864666e-02;1.304960e-01;1.015692e+00
526014674326758;-2.933831e-01;2.693806e+00;3.841805e-01
526014877308529;3.624413e-01;2.874882e-01;1.570687e-02
